0 1
1 6
2 2
3 5
4 5
5 5
6 1
7 2
8 4
9 5
10 5
11 5
12 1
13 2
14 6
15 1
16 1
17 1
18 2
19 4
20 4
21 6
22 2
23 5
24 5
25 1
26 2
27 4
28 1
29 6
30 6
31 4
32 1
33 1
34 1
35 5
36 5
37 5
38 6
39 6
40 3
41 1
42 1
43 5
44 1
45 2
46 5
47 5
48 3
49 1
50 4
51 6
52 1
53 1
54 1
55 2
56 1
57 1
58 5
59 4
60 1
61 5
62 5
63 4
64 1
65 3
66 5
67 1
68 2
69 1
70 1
71 3
72 1
73 3
74 3
75 3
76 2
77 1
78 1
79 1
80 5
81 5
82 3
83 4
84 1
85 1
86 1
87 5
88 5
89 2
90 5
91 5
92 5
93 4
94 5
95 2
96 4
97 4
98 4
99 1
100 1
101 1
102 1
103 1
104 1
105 1
106 1
107 1
108 2
109 5
110 5
111 5
112 5
113 4
114 2
115 5
116 5
117 1
118 3
119 2
120 5
121 1
122 4
123 4
124 4
125 5
126 5
127 5
128 5
129 5
130 1
131 1
132 1
133 1
134 6
135 2
136 5
137 5
138 1
139 2
140 1
141 2
142 2
143 6
144 1
145 2
146 1
147 5
148 5
149 5
150 1
151 2
152 6
153 1
154 1
155 5
156 5
157 1
158 5
159 5
160 3
161 1
162 6
163 4
164 5
165 5
166 5
167 5
168 3
