0 22 0.663746 1 2
0 153 0.675625 1 1
0 101 0.721691 1 1
0 144 0.663083 1 1
0 99 0.662876 1 1
0 50 0.648416 1 4
0 78 0.647093 1 1
0 79 0.655279 1 1
0 15 0.649866 1 1
0 104 0.654808 1 1
0 27 0.649047 1 4
0 117 0.655603 1 1
0 138 0.322735 1 1
0 25 0.324507 1 1
0 106 0.645047 1 1
1 21 0.619075 6 6
1 30 0.63583 6 6
1 38 0.702494 6 6
1 51 0.625646 6 6
1 99 0.311544 6 1
1 152 0.629474 6 6
1 162 0.30808 6 6
1 12 0.305912 6 1
1 39 0.306698 6 6
1 50 0.305888 6 4
1 153 0.305377 6 1
1 134 0.306141 6 6
1 15 0.305367 6 1
1 14 0.305269 6 6
1 146 0.305243 6 1
2 7 0.766627 2 2
2 18 0.61808 2 2
2 31 0.311759 2 4
2 55 0.664794 2 2
2 68 0.645366 2 2
2 73 0.307415 2 3
2 76 0.624952 2 2
2 89 0.621421 2 2
2 116 0.306897 2 5
2 118 0.308208 2 3
2 135 0.639662 2 2
2 141 0.645034 2 2
2 145 0.62725 2 2
2 95 0.306494 2 2
2 47 0.306296 2 5
3 24 0.67218 5 5
3 43 0.656508 5 5
3 61 0.646377 5 5
3 92 0.66667 5 5
3 167 0.642684 5 5
3 112 0.716221 5 5
3 120 0.650044 5 5
3 148 0.664583 5 5
3 94 0.321176 5 5
3 109 0.638388 5 5
3 91 0.638137 5 5
3 137 0.636326 5 5
3 158 0.634837 5 5
3 96 0.317021 5 4
3 116 0.633355 5 5
4 35 0.684104 5 5
4 66 0.710463 5 5
4 81 0.688523 5 5
4 165 0.648893 5 5
4 156 0.653193 5 5
4 164 0.654944 5 5
4 116 0.642801 5 5
4 90 0.642792 5 5
4 80 0.319849 5 5
4 146 0.319108 5 1
4 137 0.638132 5 5
4 94 0.318744 5 5
4 148 0.318242 5 5
4 37 0.634185 5 5
4 128 0.634105 5 5
5 9 0.644343 5 5
5 36 0.636682 5 5
5 46 0.710924 5 5
5 61 0.314557 5 5
5 80 0.647961 5 5
5 109 0.314518 5 5
5 111 0.642006 5 5
5 115 0.644343 5 5
5 91 0.312734 5 5
5 23 0.309801 5 5
5 167 0.309792 5 5
5 166 0.311112 5 5
5 136 0.309882 5 5
5 139 0.619354 5 2
5 120 0.309653 5 5
6 25 0.325304 1 1
6 117 0.649328 1 1
6 144 0.324931 1 1
6 84 0.648789 1 1
6 32 0.322821 1 1
6 54 0.646495 1 1
6 62 0.644472 1 5
6 69 0.637923 1 1
6 161 0.317642 1 1
6 102 0.636853 1 1
6 77 0.633594 1 1
6 27 0.31567 1 4
6 42 0.315718 1 1
6 99 0.315571 1 1
6 49 0.315442 1 1
7 2 0.766627 2 2
7 40 0.622607 2 3
7 48 0.620011 2 3
7 55 0.626967 2 2
7 68 0.635128 2 2
7 73 0.641375 2 3
7 109 0.310875 2 5
7 118 0.624824 2 3
7 119 0.624187 2 2
7 135 0.660988 2 2
7 141 0.310739 2 2
7 145 0.618259 2 2
7 151 0.631584 2 2
7 97 0.308895 2 4
7 89 0.308849 2 2
8 31 0.647355 4 4
8 83 0.647828 4 4
8 121 0.654197 4 1
8 163 0.635238 4 4
8 39 0.634731 4 6
8 96 0.3172 4 4
8 27 0.311122 4 4
8 32 0.316072 4 1
8 50 0.315504 4 4
8 53 0.628756 4 1
8 159 0.621666 4 5
8 20 0.633842 4 4
8 98 0.627433 4 4
8 97 0.310736 4 4
8 25 0.309662 4 1
9 41 0.678669 5 1
9 61 0.683757 5 5
9 62 0.716143 5 5
9 91 0.688933 5 5
9 111 0.769214 5 5
9 115 1 5 5
9 167 0.661645 5 5
9 88 0.659036 5 5
9 120 0.660928 5 5
9 109 0.651313 5 5
9 155 0.650063 5 5
9 137 0.634202 5 5
9 5 0.644343 5 5
9 90 0.643239 5 5
9 24 0.634183 5 5
10 35 0.694467 5 5
10 46 0.311686 5 5
10 92 0.309785 5 5
10 94 0.650766 5 5
10 109 0.312587 5 5
10 112 0.313837 5 5
10 116 0.309743 5 5
10 120 0.309848 5 5
10 129 0.636764 5 5
10 137 0.309455 5 5
10 147 0.680167 5 5
10 156 0.319018 5 5
10 91 0.309417 5 5
10 136 0.307977 5 5
10 23 0.307582 5 5
11 37 0.637987 5 5
11 47 0.651609 5 5
11 81 0.313618 5 5
11 90 0.31819 5 5
11 94 0.31421 5 5
11 164 0.31318 5 5
11 165 0.653751 5 5
11 125 0.625755 5 5
11 128 0.628444 5 5
11 148 0.311966 5 5
11 151 0.626057 5 2
11 156 0.656799 5 5
11 159 0.641734 5 5
11 95 0.311533 5 2
11 4 0.310881 5 5
12 28 0.706906 1 1
12 157 0.728183 1 1
12 100 0.669143 1 1
12 122 0.681473 1 4
12 154 0.747799 1 1
12 86 0.667315 1 1
12 72 0.660823 1 1
12 105 0.659081 1 1
12 32 0.657253 1 1
12 153 0.325537 1 1
12 27 0.64649 1 4
12 44 0.649749 1 1
12 146 0.323214 1 1
12 79 0.644402 1 1
12 25 0.321594 1 1
13 89 0.643912 2 2
13 22 0.62188 2 2
13 23 0.314948 2 5
13 47 0.313254 2 5
13 48 0.309106 2 3
13 76 0.629563 2 2
13 94 0.30892 2 5
13 95 0.309406 2 2
13 101 0.306828 2 1
13 104 0.306071 2 1
13 125 0.619686 2 5
13 158 0.619883 2 5
13 165 0.305333 2 5
13 26 0.304798 2 2
13 61 0.303658 2 5
14 95 0.674437 6 2
14 25 0.314183 6 1
14 31 0.633118 6 4
14 38 0.632494 6 6
14 51 0.630439 6 6
14 60 0.644351 6 1
14 91 0.313394 6 5
14 121 0.315047 6 1
14 152 0.671029 6 6
14 97 0.311731 6 4
14 153 0.311028 6 1
14 117 0.310866 6 1
14 30 0.621678 6 6
14 124 0.618986 6 4
14 29 0.309103 6 6
15 42 0.659993 1 1
15 54 0.732546 1 1
15 57 0.674942 1 1
15 64 0.696846 1 1
15 79 0.677276 1 1
15 153 0.689078 1 1
15 101 0.65698 1 1
15 102 0.6993 1 1
15 104 0.673933 1 1
15 106 0.662415 1 1
15 132 0.681751 1 1
15 154 0.654511 1 1
15 0 0.649866 1 1
15 146 0.32439 1 1
15 52 0.646008 1 1
16 19 0.317197 1 4
16 56 0.804214 1 1
16 135 0.621313 1 2
16 139 0.625384 1 2
16 140 0.669671 1 1
16 166 0.312956 1 5
16 84 0.3082 1 1
16 25 0.306625 1 1
16 44 0.308112 1 1
16 47 0.307618 1 5
16 161 0.30612 1 1
16 144 0.307442 1 1
16 85 0.3061 1 1
16 149 0.30597 1 5
16 70 0.305281 1 1
17 57 0.672532 1 1
17 78 0.668345 1 1
17 103 0.653068 1 1
17 138 0.671904 1 1
17 144 0.326685 1 1
17 146 0.669417 1 1
17 157 0.658629 1 1
17 105 0.326102 1 1
17 154 0.324957 1 1
17 27 0.323084 1 4
17 122 0.320739 1 4
17 32 0.320019 1 1
17 59 0.639855 1 4
17 25 0.320008 1 1
17 96 0.31836 1 4
18 2 0.61808 2 2
18 20 0.620683 2 4
18 31 0.63073 2 4
18 50 0.307515 2 4
18 55 0.624364 2 2
18 156 0.306788 2 5
18 99 0.31291 2 1
18 119 0.806997 2 2
18 135 0.306375 2 2
18 76 0.612531 2 2
18 79 0.305106 2 1
18 24 0.304726 2 5
18 7 0.305278 2 2
18 43 0.305849 2 5
18 109 0.304179 2 5
19 121 0.72087 4 1
19 154 0.667029 4 1
19 157 0.683041 4 1
19 105 0.664958 4 1
19 25 0.322842 4 1
19 28 0.323027 4 1
19 161 0.647721 4 1
19 12 0.319936 4 1
19 140 0.643048 4 1
19 144 0.322943 4 1
19 146 0.656426 4 1
19 107 0.639846 4 1
19 122 0.319218 4 4
19 32 0.319199 4 1
19 44 0.637315 4 1
20 8 0.633842 4 4
20 18 0.620683 4 2
20 24 0.310878 4 5
20 31 0.788124 4 4
20 50 0.697633 4 4
20 163 0.623381 4 4
20 83 0.635844 4 4
20 114 0.619529 4 2
20 119 0.619663 4 2
20 122 0.309813 4 4
20 124 0.634187 4 4
20 156 0.311997 4 5
20 79 0.309676 4 1
20 35 0.308478 4 5
20 72 0.307891 4 1
21 38 0.66715 6 6
21 39 0.629671 6 6
21 15 0.307261 6 1
21 29 0.628595 6 6
21 30 0.629533 6 6
21 0 0.307451 6 1
21 153 0.311631 6 1
21 1 0.619075 6 6
21 117 0.307443 6 1
21 69 0.306946 6 1
21 152 0.306672 6 6
21 143 0.306434 6 6
21 97 0.305884 6 4
21 109 0.30553 6 5
21 26 0.305426 6 2
22 0 0.663746 2 1
22 13 0.62188 2 2
22 54 0.309564 2 1
22 68 0.619043 2 2
22 76 0.636651 2 2
22 89 0.622934 2 2
22 95 0.63771 2 2
22 101 0.310361 2 1
22 104 0.308878 2 1
22 140 0.310094 2 1
22 142 0.626847 2 2
22 153 0.316305 2 1
22 165 0.313183 2 5
22 84 0.30863 2 1
22 120 0.308625 2 5
23 90 0.672782 5 5
23 43 0.652525 5 5
23 46 0.318427 5 5
23 47 0.638632 5 5
23 55 0.643177 5 2
23 58 0.637118 5 5
23 78 0.320682 5 1
23 165 0.650988 5 5
23 0 0.31835 5 1
23 120 0.657025 5 5
23 136 0.644479 5 5
23 141 0.660506 5 2
23 167 0.317704 5 5
23 125 0.635227 5 5
23 61 0.316914 5 5
24 3 0.67218 5 5
24 147 0.651969 5 5
24 167 0.650993 5 5
24 43 0.644306 5 5
24 46 0.315663 5 5
24 61 0.315619 5 5
24 91 0.316955 5 5
24 92 0.636292 5 5
24 163 0.634197 5 4
24 112 0.638886 5 5
24 115 0.634183 5 5
24 120 0.64728 5 5
24 9 0.634183 5 5
24 111 0.314776 5 5
24 166 0.312205 5 5
25 117 0.736487 1 1
25 144 0.800682 1 1
25 84 0.70855 1 1
25 32 0.655279 1 1
25 60 0.654403 1 1
25 69 0.660772 1 1
25 77 0.664048 1 1
25 157 0.666864 1 1
25 105 0.670729 1 1
25 107 0.669348 1 1
25 121 0.680736 1 1
25 130 0.691647 1 1
25 138 0.670094 1 1
25 153 0.679662 1 1
25 85 0.654125 1 1
26 0 0.314025 2 1
26 15 0.312216 2 1
26 23 0.308226 2 5
26 28 0.31177 2 1
26 43 0.647612 2 5
26 45 0.625783 2 2
26 54 0.310681 2 1
26 61 0.307024 2 5
26 144 0.310056 2 1
26 95 0.31116 2 2
26 132 0.309678 2 1
26 141 0.307887 2 2
26 79 0.306945 2 1
26 111 0.306944 2 5
26 168 0.306669 2 3
27 59 0.744928 4 4
27 78 0.779301 4 1
27 96 0.767706 4 4
27 98 0.759836 4 4
27 122 0.690907 4 4
27 100 0.67355 4 1
27 104 0.667664 4 1
27 63 0.659373 4 4
27 103 0.666781 4 1
27 113 0.663683 4 4
27 146 0.660413 4 1
27 150 0.654728 4 1
27 157 0.326676 4 1
27 0 0.649047 4 1
27 12 0.64649 4 1
28 12 0.706906 1 1
28 32 0.655126 1 1
28 44 0.655232 1 1
28 157 0.689004 1 1
28 86 0.678527 1 1
28 105 0.660235 1 1
28 107 0.65568 1 1
28 121 0.665146 1 1
28 122 0.693469 1 4
28 138 0.653635 1 1
28 154 0.687955 1 1
28 161 0.650156 1 1
28 143 0.649311 1 6
28 104 0.647221 1 1
28 52 0.646996 1 1
29 51 0.690684 6 6
29 103 0.661274 6 1
29 102 0.649872 6 1
29 152 0.640822 6 6
29 39 0.648808 6 6
29 104 0.321471 6 1
29 21 0.628595 6 6
29 3 0.310326 6 5
29 60 0.624716 6 1
29 78 0.313104 6 1
29 114 0.62534 6 2
29 109 0.310299 6 5
29 162 0.31024 6 6
29 97 0.310058 6 4
29 144 0.309724 6 1
30 1 0.63583 6 6
30 14 0.621678 6 6
30 21 0.629533 6 6
30 29 0.307315 6 6
30 33 0.306237 6 1
30 38 0.631339 6 6
30 43 0.306951 6 5
30 51 0.615643 6 6
30 60 0.625029 6 1
30 99 0.306031 6 1
30 114 0.617668 6 2
30 152 0.646045 6 6
30 162 0.308229 6 6
30 84 0.305522 6 1
30 120 0.305413 6 5
31 8 0.647355 4 4
31 14 0.633118 4 6
31 18 0.63073 4 2
31 20 0.788124 4 4
31 50 0.674369 4 4
31 163 0.657582 4 4
31 114 0.639205 4 2
31 122 0.318867 4 4
31 123 0.627823 4 4
31 124 0.637502 4 4
31 141 0.634047 4 2
31 145 0.629666 4 2
31 83 0.627615 4 4
31 98 0.625835 4 4
31 119 0.625279 4 2
32 12 0.657253 1 1
32 52 0.659892 1 1
32 79 0.683453 1 1
32 121 0.666744 1 1
32 122 0.657143 1 4
32 138 0.662382 1 1
32 144 0.660196 1 1
32 153 0.663411 1 1
32 157 0.660495 1 1
32 106 0.656353 1 1
32 25 0.655279 1 1
32 28 0.655126 1 1
32 161 0.655076 1 1
32 72 0.646702 1 1
32 44 0.646332 1 1
33 70 0.648577 1 1
33 117 0.653069 1 1
33 84 0.646206 1 1
33 60 0.636977 1 1
33 64 0.635657 1 1
33 69 0.640173 1 1
33 77 0.635665 1 1
33 62 0.634513 1 5
33 42 0.3149 1 1
33 6 0.314819 1 1
33 163 0.628242 1 4
33 49 0.312601 1 1
33 54 0.312089 1 1
33 99 0.312397 1 1
33 102 0.312045 1 1
34 33 0.311014 1 1
34 41 0.311545 1 1
34 99 0.311863 1 1
34 69 0.309516 1 1
34 23 0.307339 1 5
34 57 0.307385 1 1
34 64 0.308604 1 1
34 131 0.308206 1 1
34 134 0.307838 1 6
34 146 0.308895 1 1
34 97 0.306985 1 4
34 105 0.306501 1 1
34 115 0.306864 1 5
34 9 0.306864 1 5
34 113 0.306452 1 4
35 4 0.684104 5 5
35 10 0.694467 5 5
35 80 0.650353 5 5
35 81 0.660823 5 5
35 164 0.671776 5 5
35 94 0.721259 5 5
35 116 0.670715 5 5
35 127 0.652591 5 5
35 129 0.675459 5 5
35 147 0.681407 5 5
35 148 0.667418 5 5
35 156 0.677353 5 5
35 165 0.649631 5 5
35 36 0.64558 5 5
35 155 0.643615 5 5
36 46 0.775162 5 5
36 80 0.839753 5 5
36 136 0.662568 5 5
36 147 0.6807 5 5
36 156 0.66758 5 5
36 127 0.661313 5 5
36 94 0.647272 5 5
36 120 0.655467 5 5
36 129 0.651733 5 5
36 35 0.64558 5 5
36 164 0.643473 5 5
36 148 0.643182 5 5
36 155 0.657806 5 5
36 81 0.640734 5 5
36 5 0.636682 5 5
37 47 0.666283 5 5
37 87 0.70634 5 5
37 110 0.688242 5 5
37 125 0.671974 5 5
37 126 0.779645 5 5
37 128 0.823703 5 5
37 149 0.693205 5 5
37 165 0.647355 5 5
37 156 0.319966 5 5
37 11 0.637987 5 5
37 4 0.634185 5 5
37 90 0.316667 5 5
37 35 0.317982 5 5
37 120 0.314667 5 5
37 141 0.625677 5 2
38 1 0.702494 6 6
38 14 0.632494 6 6
38 21 0.66715 6 6
38 30 0.631339 6 6
38 69 0.65007 6 1
38 39 0.630883 6 6
38 25 0.310493 6 1
38 51 0.62924 6 6
38 162 0.62168 6 6
38 143 0.308895 6 6
38 33 0.306763 6 1
38 117 0.305316 6 1
38 0 0.304396 6 1
38 8 0.303718 6 4
38 23 0.303652 6 5
39 8 0.634731 6 4
39 21 0.629671 6 6
39 29 0.648808 6 6
39 38 0.630883 6 6
39 143 0.633119 6 6
39 75 0.629198 6 3
39 33 0.311918 6 1
39 27 0.312818 6 4
39 48 0.622831 6 3
39 51 0.625056 6 6
39 160 0.626672 6 3
39 78 0.313758 6 1
39 162 0.310664 6 6
39 59 0.309796 6 4
39 134 0.308476 6 6
40 7 0.622607 3 2
40 48 0.708471 3 3
40 65 0.653534 3 3
40 71 0.310443 3 3
40 72 0.63805 3 1
40 73 0.631034 3 3
40 74 0.660467 3 3
40 160 0.657468 3 3
40 114 0.631881 3 2
40 118 0.627537 3 3
40 135 0.623243 3 2
40 144 0.310449 3 1
40 159 0.620499 3 5
40 168 0.308881 3 3
40 85 0.308767 3 1
41 9 0.678669 1 5
41 61 0.66076 1 5
41 62 0.702692 1 5
41 64 0.646835 1 1
41 112 0.648716 1 5
41 115 0.678669 1 5
41 148 0.654569 1 5
41 94 0.645492 1 5
41 88 0.643526 1 5
41 91 0.644161 1 5
41 111 0.316184 1 5
41 120 0.315389 1 5
41 130 0.632177 1 1
41 161 0.315348 1 1
41 134 0.628428 1 6
42 15 0.659993 1 1
42 49 0.66795 1 1
42 54 0.653749 1 1
42 57 0.667422 1 1
42 64 0.660952 1 1
42 132 0.75426 1 1
42 138 0.704131 1 1
42 143 0.654476 1 6
42 84 0.651507 1 1
42 99 0.649757 1 1
42 28 0.323465 1 1
42 52 0.641094 1 1
42 86 0.647113 1 1
42 70 0.637778 1 1
42 122 0.31873 1 4
43 3 0.656508 5 5
43 23 0.652525 5 5
43 24 0.644306 5 5
43 26 0.647612 5 2
43 58 0.651263 5 5
43 92 0.645375 5 5
43 112 0.645035 5 5
43 167 0.318749 5 5
43 164 0.315002 5 5
43 0 0.315375 5 1
43 95 0.632252 5 2
43 109 0.315319 5 5
43 78 0.316755 5 1
43 127 0.317239 5 5
43 61 0.314157 5 5
44 161 0.8045 1 1
44 25 0.320697 1 1
44 28 0.655232 1 1
44 32 0.646332 1 1
44 144 0.328739 1 1
44 12 0.649749 1 1
44 105 0.323368 1 1
44 107 0.642705 1 1
44 121 0.662989 1 1
44 122 0.320392 1 4
44 140 0.645164 1 1
44 157 0.320299 1 1
44 19 0.637315 1 4
44 27 0.317207 1 4
44 72 0.630918 1 1
45 55 0.688707 2 2
45 141 0.683528 2 2
45 68 0.670289 2 2
45 76 0.638566 2 2
45 26 0.625783 2 2
45 43 0.306591 2 5
45 47 0.307952 2 5
45 54 0.309195 2 1
45 0 0.310227 2 1
45 163 0.306506 2 4
45 15 0.310799 2 1
45 23 0.308192 2 5
45 99 0.306194 2 1
45 132 0.30567 2 1
45 79 0.305442 2 1
46 5 0.710924 5 5
46 36 0.775162 5 5
46 80 0.756687 5 5
46 120 0.667792 5 5
46 136 0.682911 5 5
46 147 0.662478 5 5
46 91 0.655089 5 5
46 58 0.647996 5 5
46 61 0.646331 5 5
46 167 0.649674 5 5
46 94 0.322637 5 5
46 92 0.643681 5 5
46 164 0.642178 5 5
46 35 0.32079 5 5
46 112 0.640956 5 5
47 11 0.651609 5 5
47 23 0.638632 5 5
47 37 0.666283 5 5
47 55 0.634355 5 2
47 58 0.650049 5 5
47 89 0.647366 5 2
47 90 0.670948 5 5
47 91 0.316654 5 5
47 156 0.318263 5 5
47 165 0.677377 5 5
47 120 0.322229 5 5
47 125 0.719611 5 5
47 126 0.640987 5 5
47 128 0.661072 5 5
47 95 0.633286 5 2
48 40 0.708471 3 3
48 74 0.644422 3 3
48 160 0.655703 3 3
48 168 0.633526 3 3
48 39 0.622831 3 6
48 0 0.315404 3 1
48 47 0.312716 3 5
48 65 0.629369 3 3
48 71 0.625818 3 3
48 75 0.626483 3 3
48 159 0.624115 3 5
48 118 0.621557 3 3
48 144 0.310405 3 1
48 153 0.310757 3 1
48 7 0.620011 3 2
49 42 0.66795 1 1
49 57 0.641089 1 1
49 59 0.645245 1 4
49 63 0.656073 1 4
49 70 0.671697 1 1
49 75 0.64782 1 3
49 93 0.656079 1 4
49 113 0.665017 1 4
49 132 0.657127 1 1
49 138 0.677433 1 1
49 143 0.660568 1 6
49 84 0.640908 1 1
49 28 0.319648 1 1
49 54 0.319096 1 1
49 96 0.318756 1 4
50 0 0.648416 4 1
50 20 0.697633 4 4
50 31 0.674369 4 4
50 99 0.747751 4 1
50 122 0.652407 4 4
50 146 0.666196 4 1
50 96 0.642016 4 4
50 78 0.318949 4 1
50 79 0.319975 4 1
50 106 0.639458 4 1
50 117 0.637607 4 1
50 101 0.63633 4 1
50 131 0.634197 4 1
50 144 0.317866 4 1
50 27 0.316668 4 4
51 29 0.690684 6 6
51 60 0.654729 6 1
51 1 0.625646 6 6
51 30 0.615643 6 6
51 38 0.62924 6 6
51 39 0.625056 6 6
51 162 0.629897 6 6
51 14 0.630439 6 6
51 152 0.653635 6 6
51 102 0.634523 6 1
51 103 0.643797 6 1
51 104 0.309403 6 1
51 100 0.305161 6 1
51 21 0.304366 6 6
51 145 0.303089 6 2
52 15 0.646008 1 1
52 28 0.646996 1 1
52 32 0.659892 1 1
52 42 0.641094 1 1
52 49 0.315811 1 1
52 54 0.659362 1 1
52 57 0.31389 1 1
52 63 0.660958 1 4
52 97 0.31399 1 4
52 121 0.315456 1 1
52 132 0.644261 1 1
52 138 0.664252 1 1
52 143 0.644254 1 6
52 161 0.313794 1 1
52 84 0.313716 1 1
53 54 0.641341 1 1
53 67 0.794136 1 1
53 107 0.745739 1 1
53 121 0.318347 1 1
53 133 0.68648 1 1
53 140 0.65406 1 1
53 142 0.665546 1 2
53 83 0.632711 1 4
53 144 0.31009 1 1
53 28 0.30936 1 1
53 163 0.307468 1 4
53 8 0.628756 1 4
53 50 0.306386 1 4
53 122 0.305057 1 4
53 22 0.304889 1 2
54 15 0.732546 1 1
54 42 0.653749 1 1
54 52 0.659362 1 1
54 57 0.663867 1 1
54 64 0.668836 1 1
54 153 0.330682 1 1
54 102 0.666788 1 1
54 107 0.64785 1 1
54 132 0.674693 1 1
54 133 0.669469 1 1
54 67 0.647046 1 1
54 6 0.646495 1 1
54 53 0.641341 1 1
54 144 0.321676 1 1
54 140 0.640498 1 1
55 2 0.664794 2 2
55 23 0.643177 2 5
55 45 0.688707 2 2
55 68 0.705374 2 2
55 76 0.654133 2 2
55 141 0.753842 2 2
55 145 0.640912 2 2
55 165 0.318135 2 5
55 47 0.634355 2 5
55 119 0.627222 2 2
55 18 0.624364 2 2
55 90 0.310999 2 5
55 7 0.626967 2 2
55 142 0.626177 2 2
55 117 0.310884 2 1
56 16 0.804214 1 1
56 140 0.700084 1 1
56 78 0.314374 1 1
56 44 0.311128 1 1
56 70 0.311504 1 1
56 19 0.312097 1 4
56 114 0.620959 1 2
56 99 0.310479 1 1
56 31 0.309994 1 4
56 161 0.309821 1 1
56 121 0.309145 1 1
56 32 0.308973 1 1
56 107 0.308069 1 1
56 62 0.308614 1 5
56 23 0.308004 1 5
57 15 0.674942 1 1
57 17 0.672532 1 1
57 25 0.326469 1 1
57 42 0.667422 1 1
57 49 0.641089 1 1
57 54 0.663867 1 1
57 64 0.714602 1 1
57 153 0.326081 1 1
57 132 0.656649 1 1
57 138 0.693652 1 1
57 144 0.66236 1 1
57 146 0.653409 1 1
57 102 0.640939 1 1
57 105 0.319555 1 1
57 131 0.63907 1 1
58 167 0.664515 5 5
58 92 0.660168 5 5
58 166 0.656099 5 5
58 23 0.637118 5 5
58 43 0.651263 5 5
58 46 0.647996 5 5
58 47 0.650049 5 5
58 61 0.321842 5 5
58 90 0.655203 5 5
58 156 0.320928 5 5
58 165 0.642431 5 5
58 112 0.655306 5 5
58 125 0.641773 5 5
58 91 0.317016 5 5
58 81 0.315919 5 5
59 27 0.744928 4 4
59 63 0.665728 4 4
59 78 0.755132 4 1
59 96 0.688466 4 4
59 98 0.700538 4 4
59 113 0.682777 4 4
59 122 0.655407 4 4
59 100 0.655398 4 1
59 49 0.645245 4 1
59 70 0.648289 4 1
59 17 0.639855 4 1
59 93 0.651293 4 4
59 97 0.642021 4 4
59 150 0.637802 4 1
59 103 0.637771 4 1
60 152 0.698769 1 6
60 84 0.668758 1 1
60 14 0.644351 1 6
60 25 0.654403 1 1
60 30 0.625029 1 6
60 33 0.636977 1 1
60 49 0.314134 1 1
60 51 0.654729 1 6
60 54 0.31949 1 1
60 77 0.633628 1 1
60 117 0.66279 1 1
60 144 0.664079 1 1
60 85 0.62475 1 1
60 29 0.624716 1 6
60 57 0.311609 1 1
61 9 0.683757 5 5
61 41 0.66076 5 1
61 62 0.69284 5 5
61 88 0.783997 5 5
61 91 0.728849 5 5
61 166 0.671226 5 5
61 109 0.67054 5 5
61 111 0.666999 5 5
61 115 0.683757 5 5
61 120 0.67338 5 5
61 127 0.748798 5 5
61 137 0.665804 5 5
61 167 0.654665 5 5
61 3 0.646377 5 5
61 46 0.646331 5 5
62 6 0.644472 5 1
62 9 0.716143 5 5
62 33 0.634513 5 1
62 41 0.702692 5 1
62 61 0.69284 5 5
62 88 0.671126 5 5
62 91 0.671042 5 5
62 109 0.650779 5 5
62 111 0.647274 5 5
62 115 0.716143 5 5
62 120 0.322297 5 5
62 84 0.316271 5 1
62 137 0.631962 5 5
62 49 0.314694 5 1
62 70 0.314483 5 1
63 27 0.659373 4 4
63 49 0.656073 4 1
63 52 0.660958 4 1
63 59 0.665728 4 4
63 78 0.656244 4 1
63 98 0.65714 4 4
63 113 0.689078 4 4
63 96 0.65326 4 4
63 75 0.640183 4 3
63 70 0.313442 4 1
63 93 0.635252 4 4
63 23 0.312669 4 5
63 165 0.311471 4 5
63 128 0.309477 4 5
63 150 0.618424 4 1
64 15 0.696846 1 1
64 54 0.668836 1 1
64 57 0.714602 1 1
64 132 0.677725 1 1
64 79 0.664239 1 1
64 33 0.635657 1 1
64 41 0.646835 1 1
64 42 0.660952 1 1
64 161 0.317256 1 1
64 102 0.644001 1 1
64 138 0.649149 1 1
64 105 0.658562 1 1
64 106 0.644526 1 1
64 134 0.635804 1 6
64 153 0.317195 1 1
65 40 0.653534 3 3
65 124 0.659134 3 4
65 160 0.637639 3 3
65 47 0.308119 3 5
65 48 0.629369 3 3
65 73 0.615895 3 3
65 74 0.61639 3 3
65 0 0.30791 3 1
65 168 0.631366 3 3
65 118 0.306877 3 3
65 82 0.609964 3 3
65 58 0.304852 3 5
65 153 0.304687 3 1
65 144 0.304502 3 1
65 39 0.304297 3 6
66 4 0.710463 5 5
66 46 0.318502 5 5
66 61 0.315892 5 5
66 80 0.314233 5 5
66 81 0.645067 5 5
66 89 0.626329 5 2
66 165 0.313871 5 5
66 111 0.317362 5 5
66 125 0.625441 5 5
66 136 0.62999 5 5
66 137 0.646595 5 5
66 164 0.312674 5 5
66 116 0.312063 5 5
66 90 0.312026 5 5
66 35 0.311975 5 5
67 22 0.307048 1 2
67 41 0.31084 1 1
67 53 0.794136 1 1
67 54 0.647046 1 1
67 163 0.309928 1 4
67 107 0.739693 1 1
67 131 0.310825 1 1
67 133 0.754242 1 1
67 140 0.647583 1 1
67 142 0.67718 1 2
67 144 0.309249 1 1
67 83 0.306538 1 4
67 32 0.30508 1 1
67 121 0.30494 1 1
67 49 0.304876 1 1
68 2 0.645366 2 2
68 7 0.635128 2 2
68 23 0.314921 2 5
68 45 0.670289 2 2
68 54 0.314118 2 1
68 55 0.705374 2 2
68 76 0.635111 2 2
68 90 0.317877 2 5
68 141 0.745278 2 2
68 145 0.654423 2 2
68 47 0.313416 2 5
68 0 0.31093 2 1
68 165 0.311863 2 5
68 128 0.310603 2 5
68 22 0.619043 2 2
69 0 0.317701 1 1
69 6 0.637923 1 1
69 25 0.660772 1 1
69 33 0.640173 1 1
69 38 0.65007 1 6
69 57 0.317371 1 1
69 105 0.322239 1 1
69 113 0.644709 1 4
69 117 0.317394 1 1
69 131 0.65219 1 1
69 144 0.324806 1 1
69 153 0.319551 1 1
69 97 0.633125 1 4
69 102 0.632913 1 1
69 85 0.632881 1 1
70 33 0.648577 1 1
70 49 0.671697 1 1
70 59 0.648289 1 4
70 99 0.656204 1 1
70 84 0.320275 1 1
70 28 0.318307 1 1
70 42 0.637778 1 1
70 93 0.63808 1 4
70 117 0.636356 1 1
70 95 0.63596 1 2
70 78 0.315269 1 1
70 27 0.315629 1 4
70 138 0.316405 1 1
70 143 0.632308 1 6
70 113 0.630237 1 4
71 0 0.312937 3 1
71 48 0.625818 3 3
71 74 0.631286 3 3
71 79 0.320742 3 1
71 160 0.702416 3 3
71 157 0.660523 3 1
71 154 0.324266 3 1
71 101 0.653042 3 1
71 106 0.313103 3 1
71 118 0.626217 3 3
71 135 0.630137 3 2
71 138 0.312973 3 1
71 153 0.322504 3 1
71 97 0.31245 3 4
71 146 0.310714 3 1
72 12 0.660823 1 1
72 19 0.316072 1 4
72 32 0.646702 1 1
72 40 0.63805 1 3
72 44 0.630918 1 1
72 79 0.662226 1 1
72 157 0.325872 1 1
72 105 0.318289 1 1
72 106 0.6607 1 1
72 121 0.322605 1 1
72 122 0.32086 1 4
72 154 0.667768 1 1
72 100 0.629873 1 1
72 140 0.629054 1 1
72 27 0.314173 1 4
73 7 0.641375 3 2
73 118 0.691884 3 3
73 168 0.637949 3 3
73 40 0.631034 3 3
73 135 0.627448 3 2
73 122 0.313861 3 4
73 109 0.311641 3 5
73 83 0.620452 3 4
73 96 0.309175 3 4
73 28 0.31031 3 1
73 3 0.308727 3 5
73 74 0.619758 3 3
73 124 0.618375 3 4
73 121 0.308455 3 1
73 65 0.615895 3 3
74 40 0.660467 3 3
74 48 0.644422 3 3
74 71 0.631286 3 3
74 118 0.623246 3 3
74 153 0.31151 3 1
74 160 0.646233 3 3
74 73 0.619758 3 3
74 165 0.309849 3 5
74 82 0.614506 3 3
74 95 0.309158 3 2
74 47 0.306172 3 5
74 0 0.30853 3 1
74 11 0.307347 3 5
74 65 0.61639 3 3
74 148 0.305949 3 5
75 82 0.712759 3 3
75 49 0.64782 3 1
75 63 0.640183 3 4
75 93 0.643946 3 4
75 113 0.643298 3 4
75 160 0.633078 3 3
75 96 0.316201 3 4
75 39 0.629198 3 6
75 70 0.311891 3 1
75 40 0.30857 3 3
75 123 0.61866 3 4
75 59 0.315983 3 4
75 48 0.626483 3 3
75 122 0.314244 3 4
75 27 0.308139 3 4
76 2 0.624952 2 2
76 7 0.30751 2 2
76 13 0.629563 2 2
76 22 0.636651 2 2
76 31 0.309652 2 4
76 45 0.638566 2 2
76 47 0.309114 2 5
76 55 0.654133 2 2
76 68 0.635111 2 2
76 89 0.638561 2 2
76 95 0.665303 2 2
76 141 0.662281 2 2
76 145 0.6296 2 2
76 153 0.30663 2 1
76 18 0.612531 2 2
77 25 0.664048 1 1
77 144 0.665254 1 1
77 152 0.672726 1 6
77 84 0.651592 1 1
77 117 0.639862 1 1
77 153 0.318791 1 1
77 54 0.315143 1 1
77 57 0.315216 1 1
77 60 0.633628 1 1
77 134 0.635904 1 6
77 33 0.635665 1 1
77 85 0.626545 1 1
77 6 0.633594 1 1
77 70 0.312204 1 1
77 102 0.311813 1 1
78 27 0.779301 1 4
78 59 0.755132 1 4
78 96 0.698597 1 4
78 103 0.681808 1 1
78 98 0.680084 1 4
78 122 0.675576 1 4
78 150 0.676567 1 1
78 100 0.67167 1 1
78 63 0.656244 1 4
78 17 0.668345 1 1
78 113 0.660554 1 4
78 146 0.655503 1 1
78 104 0.653108 1 1
78 0 0.647093 1 1
78 123 0.646067 1 4
79 15 0.677276 1 1
79 32 0.683453 1 1
79 64 0.664239 1 1
79 72 0.662226 1 1
79 154 0.695051 1 1
79 157 0.677351 1 1
79 101 0.658598 1 1
79 106 0.855817 1 1
79 132 0.659118 1 1
79 153 0.719881 1 1
79 168 0.65781 1 3
79 104 0.655761 1 1
79 105 0.655657 1 1
79 0 0.655279 1 1
79 12 0.644402 1 1
80 36 0.839753 5 5
80 46 0.756687 5 5
80 136 0.673791 5 5
80 147 0.663184 5 5
80 120 0.657784 5 5
80 155 0.657437 5 5
80 156 0.65669 5 5
80 35 0.650353 5 5
80 5 0.647961 5 5
80 127 0.644803 5 5
80 129 0.645371 5 5
80 164 0.64411 5 5
80 94 0.646689 5 5
80 81 0.646294 5 5
80 148 0.321311 5 5
81 4 0.688523 5 5
81 35 0.660823 5 5
81 80 0.646294 5 5
81 137 0.651748 5 5
81 147 0.64954 5 5
81 148 0.64623 5 5
81 156 0.657316 5 5
81 164 0.675315 5 5
81 94 0.646147 5 5
81 66 0.645067 5 5
81 155 0.645711 5 5
81 127 0.64267 5 5
81 36 0.640734 5 5
81 129 0.639682 5 5
81 46 0.31957 5 5
82 75 0.712759 3 3
82 160 0.622688 3 3
82 39 0.30331 3 6
82 40 0.30777 3 3
82 48 0.307443 3 3
82 65 0.609964 3 3
82 71 0.304124 3 3
82 74 0.614506 3 3
82 1 0.30067 3 6
82 110 0.300267 3 5
82 144 0.29959 3 1
82 146 0.301121 3 1
82 95 0.299577 3 2
82 168 0.29921 3 3
82 159 0.298918 3 5
83 8 0.647828 4 4
83 20 0.635844 4 4
83 31 0.627615 4 4
83 50 0.312766 4 4
83 53 0.632711 4 1
83 121 0.650294 4 1
83 122 0.311737 4 4
83 84 0.311637 4 1
83 28 0.311589 4 1
83 4 0.311628 4 5
83 73 0.620452 4 3
83 117 0.310406 4 1
83 109 0.310553 4 5
83 96 0.309978 4 4
83 162 0.30951 4 6
84 6 0.648789 1 1
84 25 0.70855 1 1
84 42 0.651507 1 1
84 60 0.668758 1 1
84 77 0.651592 1 1
84 99 0.658094 1 1
84 117 0.725217 1 1
84 138 0.651847 1 1
84 144 0.726718 1 1
84 153 0.32443 1 1
84 85 0.648459 1 1
84 146 0.321266 1 1
84 32 0.321835 1 1
84 33 0.646206 1 1
84 49 0.640908 1 1
85 25 0.654125 1 1
85 144 0.66392 1 1
85 84 0.648459 1 1
85 86 0.644638 1 1
85 57 0.315052 1 1
85 69 0.632881 1 1
85 117 0.317314 1 1
85 77 0.626545 1 1
85 33 0.310013 1 1
85 60 0.62475 1 1
85 154 0.3111 1 1
85 99 0.309429 1 1
85 0 0.309303 1 1
85 153 0.312304 1 1
85 100 0.309102 1 1
86 12 0.667315 1 1
86 27 0.317616 1 4
86 28 0.678527 1 1
86 42 0.647113 1 1
86 57 0.315118 1 1
86 85 0.644638 1 1
86 99 0.647303 1 1
86 103 0.648199 1 1
86 104 0.323184 1 1
86 122 0.65851 1 4
86 144 0.317102 1 1
86 146 0.317559 1 1
86 153 0.317821 1 1
86 84 0.315089 1 1
86 132 0.312605 1 1
87 3 0.309931 5 5
87 24 0.310207 5 5
87 37 0.70634 5 5
87 91 0.311524 5 5
87 109 0.311893 5 5
87 110 0.838715 5 5
87 120 0.309698 5 5
87 126 0.670021 5 5
87 128 0.669144 5 5
87 136 0.309312 5 5
87 149 0.822403 5 5
87 156 0.309027 5 5
87 92 0.308482 5 5
87 47 0.30832 5 5
87 90 0.308292 5 5
88 61 0.783997 5 5
88 62 0.671126 5 5
88 127 0.668746 5 5
88 91 0.662157 5 5
88 115 0.659036 5 5
88 24 0.311991 5 5
88 41 0.643526 5 1
88 3 0.309778 5 5
88 111 0.315039 5 5
88 166 0.633633 5 5
88 9 0.659036 5 5
88 120 0.320852 5 5
88 131 0.310297 5 1
88 137 0.653147 5 5
88 116 0.307502 5 5
89 13 0.643912 2 2
89 47 0.647366 2 5
89 142 0.627525 2 2
89 76 0.638561 2 2
89 95 0.638091 2 2
89 114 0.632108 2 2
89 139 0.636065 2 2
89 66 0.626329 2 5
89 22 0.622934 2 2
89 2 0.621421 2 2
89 141 0.310348 2 2
89 0 0.30974 2 1
89 165 0.310019 2 5
89 126 0.310105 2 5
89 50 0.309315 2 4
90 23 0.672782 5 5
90 47 0.670948 5 5
90 165 0.754883 5 5
90 156 0.665134 5 5
90 9 0.643239 5 5
90 58 0.655203 5 5
90 115 0.643239 5 5
90 125 0.650849 5 5
90 4 0.642792 5 5
90 126 0.63936 5 5
90 94 0.319282 5 5
90 81 0.319018 5 5
90 46 0.320077 5 5
90 120 0.318604 5 5
90 35 0.318578 5 5
91 9 0.688933 5 5
91 61 0.728849 5 5
91 62 0.671042 5 5
91 109 0.674978 5 5
91 111 0.685365 5 5
91 115 0.688933 5 5
91 164 0.7189 5 5
91 88 0.662157 5 5
91 41 0.644161 5 1
91 46 0.655089 5 5
91 120 0.655151 5 5
91 127 0.645861 5 5
91 167 0.320648 5 5
91 112 0.638888 5 5
91 3 0.638137 5 5
92 3 0.66667 5 5
92 58 0.660168 5 5
92 167 0.681349 5 5
92 112 0.660512 5 5
92 109 0.651016 5 5
92 156 0.316617 5 5
92 43 0.645375 5 5
92 155 0.644543 5 5
92 46 0.643681 5 5
92 24 0.636292 5 5
92 127 0.320981 5 5
92 129 0.645259 5 5
92 120 0.3153 5 5
92 111 0.314269 5 5
92 147 0.314102 5 5
93 27 0.318343 4 4
93 49 0.656079 4 1
93 59 0.651293 4 4
93 63 0.635252 4 4
93 70 0.63808 4 1
93 75 0.643946 4 3
93 96 0.659034 4 4
93 146 0.322934 4 1
93 104 0.317211 4 1
93 107 0.317215 4 1
93 113 0.63302 4 4
93 122 0.317386 4 4
93 162 0.629909 4 6
93 78 0.313542 4 1
93 123 0.624994 4 4
94 35 0.721259 5 5
94 148 0.76552 5 5
94 156 0.697472 5 5
94 158 0.69135 5 5
94 112 0.682903 5 5
94 147 0.666588 5 5
94 155 0.651231 5 5
94 164 0.673408 5 5
94 129 0.651051 5 5
94 127 0.648728 5 5
94 36 0.647272 5 5
94 80 0.646689 5 5
94 10 0.650766 5 5
94 81 0.646147 5 5
94 41 0.645492 5 1
95 14 0.674437 2 6
95 76 0.665303 2 2
95 124 0.643007 2 4
95 89 0.638091 2 2
95 46 0.315925 2 5
95 47 0.633286 2 5
95 70 0.63596 2 1
95 22 0.63771 2 2
95 153 0.318177 2 1
95 165 0.315936 2 5
95 43 0.632252 2 5
95 25 0.317332 2 1
95 142 0.633385 2 2
95 97 0.315214 2 4
95 113 0.628389 2 4
96 27 0.767706 4 4
96 59 0.688466 4 4
96 78 0.698597 4 1
96 98 0.727674 4 4
96 113 0.673581 4 4
96 122 0.681404 4 4
96 93 0.659034 4 4
96 63 0.65326 4 4
96 139 0.652823 4 2
96 97 0.650748 4 4
96 103 0.650315 4 1
96 146 0.321349 4 1
96 50 0.642016 4 4
96 0 0.319735 4 1
96 100 0.63781 4 1
97 0 0.321727 4 1
97 25 0.318733 4 1
97 28 0.319346 4 1
97 59 0.642021 4 4
97 69 0.633125 4 1
97 78 0.317975 4 1
97 96 0.650748 4 4
97 162 0.655025 4 6
97 99 0.64566 4 1
97 109 0.639907 4 5
97 117 0.653326 4 1
97 138 0.319839 4 1
97 144 0.322348 4 1
97 153 0.323496 4 1
97 98 0.632917 4 4
98 27 0.759836 4 4
98 59 0.700538 4 4
98 78 0.680084 4 1
98 96 0.727674 4 4
98 63 0.65714 4 4
98 113 0.649176 4 4
98 122 0.655384 4 4
98 139 0.648443 4 2
98 97 0.632917 4 4
98 0 0.314787 4 1
98 50 0.3162 4 4
98 8 0.627433 4 4
98 3 0.313682 4 5
98 31 0.625835 4 4
98 150 0.624937 4 1
99 0 0.662876 1 1
99 50 0.747751 1 4
99 117 0.694669 1 1
99 144 0.663974 1 1
99 146 0.666223 1 1
99 84 0.658094 1 1
99 70 0.656204 1 1
99 25 0.321752 1 1
99 28 0.319997 1 1
99 42 0.649757 1 1
99 86 0.647303 1 1
99 97 0.64566 1 4
99 132 0.636782 1 1
99 138 0.320641 1 1
99 78 0.318028 1 1
100 12 0.669143 1 1
100 27 0.67355 1 4
100 42 0.316162 1 1
100 59 0.655398 1 4
100 72 0.629873 1 1
100 78 0.67167 1 1
100 79 0.319602 1 1
100 96 0.63781 1 4
100 103 0.318734 1 1
100 105 0.317607 1 1
100 106 0.31523 1 1
100 153 0.316578 1 1
100 161 0.318059 1 1
100 84 0.31464 1 1
100 154 0.314438 1 1
101 0 0.721691 1 1
101 157 0.673018 1 1
101 104 0.669223 1 1
101 146 0.666563 1 1
101 153 0.668918 1 1
101 154 0.684514 1 1
101 79 0.658598 1 1
101 71 0.653042 1 3
101 15 0.65698 1 1
101 106 0.652021 1 1
101 50 0.63633 1 4
101 12 0.317865 1 1
101 28 0.314624 1 1
101 42 0.314446 1 1
101 64 0.314329 1 1
102 6 0.636853 1 1
102 15 0.6993 1 1
102 25 0.315512 1 1
102 29 0.649872 1 6
102 51 0.634523 1 6
102 54 0.666788 1 1
102 57 0.640939 1 1
102 64 0.644001 1 1
102 69 0.632913 1 1
102 103 0.63846 1 1
102 104 0.315531 1 1
102 132 0.314741 1 1
102 138 0.315256 1 1
102 153 0.32447 1 1
102 84 0.313653 1 1
103 104 0.731175 1 1
103 78 0.681808 1 1
103 17 0.653068 1 1
103 27 0.666781 1 4
103 29 0.661274 1 6
103 96 0.650315 1 4
103 122 0.666915 1 4
103 146 0.654657 1 1
103 153 0.675281 1 1
103 86 0.648199 1 1
103 51 0.643797 1 6
103 154 0.320915 1 1
103 15 0.319441 1 1
103 102 0.63846 1 1
103 59 0.637771 1 4
104 15 0.673933 1 1
104 27 0.667664 1 4
104 101 0.669223 1 1
104 103 0.731175 1 1
104 106 0.656754 1 1
104 146 0.657632 1 1
104 153 0.671986 1 1
104 79 0.655761 1 1
104 78 0.653108 1 1
104 0 0.654808 1 1
104 154 0.652895 1 1
104 122 0.650713 1 4
104 157 0.324153 1 1
104 28 0.647221 1 1
104 143 0.646571 1 6
105 12 0.659081 1 1
105 19 0.664958 1 4
105 25 0.670729 1 1
105 28 0.660235 1 1
105 64 0.658562 1 1
105 107 0.65826 1 1
105 121 0.677779 1 1
105 130 0.659893 1 1
105 138 0.656697 1 1
105 144 0.662615 1 1
105 153 0.670587 1 1
105 154 0.657049 1 1
105 157 0.666343 1 1
105 161 0.683774 1 1
105 79 0.655657 1 1
106 79 0.855817 1 1
106 153 0.715654 1 1
106 15 0.662415 1 1
106 32 0.656353 1 1
106 72 0.6607 1 1
106 154 0.664503 1 1
106 104 0.656754 1 1
106 105 0.327043 1 1
106 132 0.669096 1 1
106 157 0.326895 1 1
106 101 0.652021 1 1
106 0 0.645047 1 1
106 50 0.639458 1 4
106 64 0.644526 1 1
106 12 0.319527 1 1
107 25 0.669348 1 1
107 53 0.745739 1 1
107 67 0.739693 1 1
107 133 0.661188 1 1
107 144 0.708541 1 1
107 105 0.65826 1 1
107 54 0.64785 1 1
107 130 0.654739 1 1
107 28 0.65568 1 1
107 157 0.327227 1 1
107 121 0.647497 1 1
107 161 0.646198 1 1
107 44 0.642705 1 1
107 122 0.321237 1 4
107 19 0.639846 1 4
108 55 0.307778 2 2
108 139 0.620394 2 2
108 150 0.615118 2 1
108 89 0.305686 2 2
108 31 0.305459 2 4
108 78 0.304913 2 1
108 16 0.303192 2 1
108 20 0.304791 2 4
108 38 0.303407 2 6
108 59 0.303879 2 4
108 83 0.303699 2 4
108 114 0.30366 2 2
108 141 0.303163 2 2
108 124 0.303079 2 4
108 37 0.303074 2 5
109 3 0.638388 5 5
109 9 0.651313 5 5
109 46 0.319929 5 5
109 61 0.67054 5 5
109 62 0.650779 5 5
109 167 0.32106 5 5
109 91 0.674978 5 5
109 92 0.651016 5 5
109 97 0.639907 5 4
109 111 0.65023 5 5
109 112 0.317839 5 5
109 115 0.651313 5 5
109 166 0.639975 5 5
109 90 0.317688 5 5
109 126 0.634421 5 5
110 37 0.688242 5 5
110 46 0.314587 5 5
110 87 0.838715 5 5
110 120 0.315259 5 5
110 126 0.654253 5 5
110 128 0.663921 5 5
110 149 0.846238 5 5
110 91 0.313863 5 5
110 47 0.311835 5 5
110 90 0.310892 5 5
110 109 0.311437 5 5
110 116 0.310745 5 5
110 23 0.31139 5 5
110 136 0.31181 5 5
110 115 0.309796 5 5
111 9 0.769214 5 5
111 115 0.769214 5 5
111 91 0.685365 5 5
111 5 0.642006 5 5
111 46 0.319908 5 5
111 61 0.666999 5 5
111 62 0.647274 5 5
111 155 0.672898 5 5
111 167 0.672009 5 5
111 109 0.65023 5 5
111 120 0.652773 5 5
111 129 0.646113 5 5
111 166 0.638019 5 5
111 147 0.317744 5 5
111 112 0.317714 5 5
112 3 0.716221 5 5
112 167 0.72654 5 5
112 94 0.682903 5 5
112 148 0.7291 5 5
112 158 0.710882 5 5
112 92 0.660512 5 5
112 58 0.655306 5 5
112 41 0.648716 5 1
112 43 0.645035 5 5
112 46 0.640956 5 5
112 24 0.638886 5 5
112 91 0.638888 5 5
112 120 0.652802 5 5
112 61 0.318992 5 5
112 156 0.318368 5 5
113 27 0.663683 4 4
113 49 0.665017 4 1
113 59 0.682777 4 4
113 63 0.689078 4 4
113 69 0.644709 4 1
113 70 0.630237 4 1
113 75 0.643298 4 3
113 78 0.660554 4 1
113 93 0.63302 4 4
113 95 0.628389 4 2
113 96 0.673581 4 4
113 98 0.649176 4 4
113 163 0.638152 4 4
113 97 0.313735 4 4
113 52 0.313481 4 1
114 3 0.31417 2 5
114 6 0.315411 2 1
114 29 0.62534 2 6
114 31 0.639205 2 4
114 40 0.631881 2 3
114 56 0.620959 2 1
114 78 0.3208 2 1
114 89 0.632108 2 2
114 107 0.315766 2 1
114 163 0.310463 2 4
114 59 0.30899 2 4
114 30 0.617668 2 6
114 20 0.619529 2 4
114 118 0.308666 2 3
114 23 0.308201 2 5
115 9 1 5 5
115 41 0.678669 5 1
115 61 0.683757 5 5
115 62 0.716143 5 5
115 91 0.688933 5 5
115 111 0.769214 5 5
115 167 0.661645 5 5
115 88 0.659036 5 5
115 120 0.660928 5 5
115 109 0.651313 5 5
115 5 0.644343 5 5
115 90 0.643239 5 5
115 155 0.650063 5 5
115 137 0.634202 5 5
115 24 0.634183 5 5
116 3 0.633355 5 5
116 4 0.642801 5 5
116 9 0.313722 5 5
116 35 0.670715 5 5
116 46 0.316532 5 5
116 61 0.318088 5 5
116 166 0.626743 5 5
116 91 0.316224 5 5
116 109 0.315714 5 5
116 111 0.312854 5 5
116 115 0.313722 5 5
116 120 0.32214 5 5
116 131 0.630217 5 1
116 137 0.312678 5 5
116 167 0.31259 5 5
117 25 0.736487 1 1
117 84 0.725217 1 1
117 6 0.649328 1 1
117 0 0.655603 1 1
117 32 0.318359 1 1
117 33 0.653069 1 1
117 50 0.637607 1 4
117 60 0.66279 1 1
117 153 0.32091 1 1
117 77 0.639862 1 1
117 97 0.653326 1 4
117 99 0.694669 1 1
117 138 0.321414 1 1
117 144 0.722175 1 1
117 70 0.636356 1 1
118 7 0.624824 3 2
118 15 0.309401 3 1
118 40 0.627537 3 3
118 47 0.311651 3 5
118 48 0.621557 3 3
118 71 0.626217 3 3
118 73 0.691884 3 3
118 74 0.623246 3 3
118 160 0.62654 3 3
118 168 0.630171 3 3
118 101 0.310633 3 1
118 122 0.312644 3 4
118 131 0.310165 3 1
118 154 0.310333 3 1
118 78 0.309276 3 1
119 18 0.806997 2 2
119 55 0.627222 2 2
119 31 0.625279 2 4
119 7 0.624187 2 2
119 135 0.623723 2 2
119 165 0.311859 2 5
119 43 0.309653 2 5
119 14 0.30875 2 6
119 20 0.619663 2 4
119 68 0.30871 2 2
119 90 0.308395 2 5
119 156 0.307735 2 5
119 0 0.307412 2 1
119 166 0.307406 2 5
119 47 0.307121 2 5
120 9 0.660928 5 5
120 46 0.667792 5 5
120 61 0.67338 5 5
120 115 0.660928 5 5
120 136 0.658366 5 5
120 137 0.698077 5 5
120 80 0.657784 5 5
120 23 0.657025 5 5
120 91 0.655151 5 5
120 36 0.655467 5 5
120 112 0.652802 5 5
120 111 0.652773 5 5
120 166 0.652247 5 5
120 3 0.650044 5 5
120 24 0.64728 5 5
121 19 0.72087 1 4
121 25 0.680736 1 1
121 28 0.665146 1 1
121 32 0.666744 1 1
121 44 0.662989 1 1
121 105 0.677779 1 1
121 138 0.662515 1 1
121 157 0.662454 1 1
121 144 0.660277 1 1
121 161 0.65757 1 1
121 83 0.650294 1 4
121 8 0.654197 1 4
121 122 0.324891 1 4
121 107 0.647497 1 1
121 153 0.323058 1 1
122 12 0.681473 4 1
122 27 0.690907 4 4
122 28 0.693469 4 1
122 78 0.675576 4 1
122 157 0.667689 4 1
122 96 0.681404 4 4
122 103 0.666915 4 1
122 146 0.662007 4 1
122 154 0.662048 4 1
122 86 0.65851 4 1
122 50 0.652407 4 4
122 59 0.655407 4 4
122 98 0.655384 4 4
122 32 0.657143 4 1
122 104 0.650713 4 1
123 19 0.312777 4 4
123 27 0.313088 4 4
123 31 0.627823 4 4
123 50 0.316105 4 4
123 78 0.646067 4 1
123 99 0.313974 4 1
123 122 0.321695 4 4
123 146 0.693064 4 1
123 150 0.675112 4 1
123 93 0.624994 4 4
123 49 0.309532 4 1
123 0 0.310831 4 1
123 75 0.61866 4 3
123 28 0.308806 4 1
123 153 0.307852 4 1
124 14 0.618986 4 6
124 20 0.634187 4 4
124 29 0.309605 4 6
124 31 0.637502 4 4
124 50 0.314531 4 4
124 65 0.659134 4 3
124 113 0.311005 4 4
124 121 0.309252 4 1
124 168 0.309913 4 3
124 162 0.650437 4 6
124 95 0.643007 4 2
124 97 0.310524 4 4
124 73 0.618375 4 3
124 107 0.309075 4 1
124 8 0.308828 4 4
125 4 0.313831 5 5
125 11 0.625755 5 5
125 23 0.635227 5 5
125 37 0.671974 5 5
125 47 0.719611 5 5
125 58 0.641773 5 5
125 165 0.661465 5 5
125 90 0.650849 5 5
125 126 0.638411 5 5
125 128 0.668038 5 5
125 66 0.625441 5 5
125 156 0.312632 5 5
125 148 0.311003 5 5
125 120 0.310153 5 5
125 13 0.619686 5 2
126 37 0.779645 5 5
126 47 0.640987 5 5
126 87 0.670021 5 5
126 90 0.63936 5 5
126 110 0.654253 5 5
126 128 0.769076 5 5
126 132 0.63916 5 1
126 149 0.664982 5 5
126 165 0.319382 5 5
126 109 0.634421 5 5
126 125 0.638411 5 5
126 35 0.312916 5 5
126 156 0.312411 5 5
126 42 0.31168 5 1
126 23 0.311164 5 5
127 35 0.652591 5 5
127 36 0.661313 5 5
127 61 0.748798 5 5
127 88 0.668746 5 5
127 164 0.658191 5 5
127 129 0.652984 5 5
127 147 0.648944 5 5
127 148 0.65237 5 5
127 155 0.709932 5 5
127 156 0.667866 5 5
127 94 0.648728 5 5
127 167 0.64827 5 5
127 91 0.645861 5 5
127 80 0.644803 5 5
127 81 0.64267 5 5
128 37 0.823703 5 5
128 126 0.769076 5 5
128 149 0.673607 5 5
128 87 0.669144 5 5
128 11 0.628444 5 5
128 35 0.315684 5 5
128 47 0.661072 5 5
128 4 0.634105 5 5
128 110 0.663921 5 5
128 120 0.316655 5 5
128 125 0.668038 5 5
128 165 0.648716 5 5
128 90 0.314164 5 5
128 132 0.313367 5 1
128 46 0.313063 5 5
129 35 0.675459 5 5
129 36 0.651733 5 5
129 127 0.652984 5 5
129 147 0.767127 5 5
129 148 0.652913 5 5
129 156 0.677472 5 5
129 164 0.664748 5 5
129 94 0.651051 5 5
129 111 0.646113 5 5
129 155 0.648473 5 5
129 80 0.645371 5 5
129 92 0.645259 5 5
129 81 0.639682 5 5
129 46 0.318992 5 5
129 10 0.636764 5 5
130 25 0.691647 1 1
130 27 0.315705 1 4
130 41 0.632177 1 1
130 54 0.315595 1 1
130 138 0.315869 1 1
130 161 0.660097 1 1
130 105 0.659893 1 1
130 107 0.654739 1 1
130 121 0.322743 1 1
130 134 0.643102 1 6
130 144 0.314751 1 1
130 28 0.314302 1 1
130 97 0.313176 1 4
130 64 0.31234 1 1
130 69 0.312134 1 1
131 17 0.317917 1 1
131 32 0.315523 1 1
131 50 0.634197 1 4
131 54 0.318297 1 1
131 57 0.63907 1 1
131 69 0.65219 1 1
131 133 0.651027 1 1
131 144 0.321889 1 1
131 146 0.318845 1 1
131 153 0.318595 1 1
131 84 0.315347 1 1
131 49 0.315304 1 1
131 116 0.630217 1 5
131 107 0.313527 1 1
131 163 0.626993 1 4
132 15 0.681751 1 1
132 42 0.75426 1 1
132 54 0.674693 1 1
132 64 0.677725 1 1
132 106 0.669096 1 1
132 138 0.734049 1 1
132 153 0.662683 1 1
132 57 0.656649 1 1
132 79 0.659118 1 1
132 49 0.657127 1 1
132 104 0.322503 1 1
132 0 0.320079 1 1
132 52 0.644261 1 1
132 126 0.63916 1 5
132 99 0.636782 1 1
133 67 0.754242 1 1
133 53 0.68648 1 1
133 54 0.669469 1 1
133 107 0.661188 1 1
133 142 0.660728 1 2
133 153 0.311227 1 1
133 106 0.312148 1 1
133 49 0.310314 1 1
133 131 0.651027 1 1
133 140 0.649478 1 1
133 163 0.308809 1 4
133 62 0.308464 1 5
133 132 0.306723 1 1
133 61 0.305547 1 5
133 22 0.305342 1 2
134 41 0.628428 6 1
134 64 0.635804 6 1
134 69 0.316075 6 1
134 77 0.635904 6 1
134 86 0.310676 6 1
134 105 0.323696 6 1
134 130 0.643102 6 1
134 135 0.618878 6 2
134 144 0.310048 6 1
134 152 0.634104 6 6
134 161 0.318028 6 1
134 84 0.309162 6 1
134 153 0.309089 6 1
134 115 0.308761 6 5
134 9 0.308761 6 5
135 2 0.639662 2 2
135 7 0.660988 2 2
135 71 0.630137 2 3
135 139 0.633276 2 2
135 159 0.629358 2 5
135 73 0.627448 2 3
135 24 0.311367 2 5
135 40 0.623243 2 3
135 119 0.623723 2 2
135 160 0.622424 2 3
135 16 0.621313 2 1
135 43 0.310161 2 5
135 134 0.618878 2 6
135 5 0.308757 2 5
135 166 0.308274 2 5
136 23 0.644479 5 5
136 36 0.662568 5 5
136 46 0.682911 5 5
136 61 0.319246 5 5
136 66 0.62999 5 5
136 80 0.673791 5 5
136 90 0.312981 5 5
136 109 0.314529 5 5
136 112 0.31608 5 5
136 120 0.658366 5 5
136 137 0.637646 5 5
136 165 0.314654 5 5
136 91 0.312744 5 5
136 111 0.312202 5 5
136 78 0.312125 5 1
137 61 0.665804 5 5
137 120 0.698077 5 5
137 88 0.653147 5 5
137 3 0.636326 5 5
137 66 0.646595 5 5
137 81 0.651748 5 5
137 166 0.637737 5 5
137 4 0.638132 5 5
137 136 0.637646 5 5
137 9 0.634202 5 5
137 115 0.634202 5 5
137 23 0.316379 5 5
137 62 0.631962 5 5
137 146 0.315273 5 1
137 112 0.314537 5 5
138 17 0.671904 1 1
138 25 0.670094 1 1
138 28 0.653635 1 1
138 32 0.662382 1 1
138 42 0.704131 1 1
138 49 0.677433 1 1
138 52 0.664252 1 1
138 57 0.693652 1 1
138 105 0.656697 1 1
138 121 0.662515 1 1
138 132 0.734049 1 1
138 144 0.662356 1 1
138 84 0.651847 1 1
138 64 0.649149 1 1
138 153 0.323022 1 1
139 3 0.312119 2 5
139 5 0.619354 2 5
139 8 0.308947 2 4
139 16 0.625384 2 1
139 27 0.314494 2 4
139 47 0.311856 2 5
139 89 0.636065 2 2
139 96 0.652823 2 4
139 98 0.648443 2 4
139 108 0.620394 2 2
139 135 0.633276 2 2
139 55 0.308124 2 2
139 163 0.306814 2 4
139 56 0.306422 2 1
139 50 0.305764 2 4
140 16 0.669671 1 1
140 19 0.643048 1 4
140 32 0.31989 1 1
140 44 0.645164 1 1
140 53 0.65406 1 1
140 54 0.640498 1 1
140 56 0.700084 1 1
140 161 0.317053 1 1
140 67 0.647583 1 1
140 107 0.316174 1 1
140 121 0.315436 1 1
140 133 0.649478 1 1
140 142 0.631497 1 2
140 59 0.315322 1 4
140 72 0.629054 1 1
141 45 0.683528 2 2
141 55 0.753842 2 2
141 68 0.745278 2 2
141 145 0.679139 2 2
141 76 0.662281 2 2
141 23 0.660506 2 5
141 31 0.634047 2 4
141 0 0.31673 2 1
141 2 0.645034 2 2
141 165 0.316237 2 5
141 47 0.315926 2 5
141 132 0.31448 2 1
141 37 0.625677 2 5
141 128 0.312248 2 5
141 15 0.311848 2 1
142 67 0.67718 2 1
142 53 0.665546 2 1
142 95 0.633385 2 2
142 133 0.660728 2 1
142 140 0.631497 2 1
142 89 0.627525 2 2
142 22 0.626847 2 2
142 47 0.31287 2 5
142 55 0.626177 2 2
142 46 0.311202 2 5
142 54 0.310678 2 1
142 107 0.310543 2 1
142 61 0.31035 2 5
142 163 0.309076 2 4
142 141 0.307966 2 2
143 19 0.315603 6 4
143 28 0.649311 6 1
143 39 0.633119 6 6
143 42 0.654476 6 1
143 49 0.660568 6 1
143 52 0.644254 6 1
143 70 0.632308 6 1
143 104 0.646571 6 1
143 122 0.318434 6 4
143 138 0.321391 6 1
143 144 0.318202 6 1
143 84 0.315218 6 1
143 161 0.314749 6 1
143 146 0.313748 6 1
143 32 0.313653 6 1
144 25 0.800682 1 1
144 84 0.726718 1 1
144 60 0.664079 1 1
144 77 0.665254 1 1
144 99 0.663974 1 1
144 107 0.708541 1 1
144 117 0.722175 1 1
144 153 0.676542 1 1
144 85 0.66392 1 1
144 0 0.663083 1 1
144 105 0.662615 1 1
144 57 0.66236 1 1
144 138 0.662356 1 1
144 121 0.660277 1 1
144 32 0.660196 1 1
145 2 0.62725 2 2
145 7 0.618259 2 2
145 25 0.308678 2 1
145 31 0.629666 2 4
145 55 0.640912 2 2
145 68 0.654423 2 2
145 76 0.6296 2 2
145 77 0.309679 2 1
145 117 0.310532 2 1
145 141 0.679139 2 2
145 144 0.31284 2 1
145 151 0.623532 2 2
145 152 0.629755 2 6
145 153 0.308526 2 1
145 97 0.308114 2 4
146 17 0.669417 1 1
146 101 0.666563 1 1
146 123 0.693064 1 4
146 153 0.674907 1 1
146 154 0.671292 1 1
146 157 0.674917 1 1
146 99 0.666223 1 1
146 50 0.666196 1 4
146 122 0.662007 1 4
146 103 0.654657 1 1
146 104 0.657632 1 1
146 78 0.655503 1 1
146 19 0.656426 1 4
146 27 0.660413 1 4
146 57 0.653409 1 1
147 10 0.680167 5 5
147 35 0.681407 5 5
147 36 0.6807 5 5
147 129 0.767127 5 5
147 156 0.675246 5 5
147 94 0.666588 5 5
147 80 0.663184 5 5
147 81 0.64954 5 5
147 46 0.662478 5 5
147 148 0.651642 5 5
147 155 0.655727 5 5
147 24 0.651969 5 5
147 164 0.654363 5 5
147 127 0.648944 5 5
147 165 0.31931 5 5
148 94 0.76552 5 5
148 3 0.664583 5 5
148 35 0.667418 5 5
148 41 0.654569 5 1
148 81 0.64623 5 5
148 112 0.7291 5 5
148 127 0.65237 5 5
148 129 0.652913 5 5
148 147 0.651642 5 5
148 156 0.686498 5 5
148 158 0.724878 5 5
148 164 0.666452 5 5
148 165 0.647521 5 5
148 167 0.645088 5 5
148 36 0.643182 5 5
149 110 0.846238 5 5
149 87 0.822403 5 5
149 24 0.310171 5 5
149 37 0.693205 5 5
149 47 0.309502 5 5
149 159 0.625058 5 5
149 120 0.310434 5 5
149 126 0.664982 5 5
149 128 0.673607 5 5
149 132 0.315479 5 1
149 91 0.309378 5 5
149 41 0.308482 5 1
149 125 0.309217 5 5
149 62 0.308277 5 5
149 166 0.307821 5 5
150 27 0.654728 1 4
150 59 0.637802 1 4
150 78 0.676567 1 1
150 103 0.313622 1 1
150 123 0.675112 1 4
150 146 0.326076 1 1
150 98 0.624937 1 4
150 96 0.311688 1 4
150 161 0.30871 1 1
150 17 0.308822 1 1
150 63 0.618424 1 4
150 108 0.615118 1 2
150 19 0.307498 1 4
150 168 0.304415 1 3
150 105 0.304411 1 1
151 7 0.631584 2 2
151 11 0.626057 2 5
151 47 0.314146 2 5
151 55 0.308883 2 2
151 145 0.623532 2 2
151 153 0.310021 2 1
151 156 0.310911 2 5
151 165 0.308172 2 5
151 126 0.307921 2 5
151 71 0.307842 2 3
151 0 0.30776 2 1
151 141 0.307575 2 2
151 128 0.306678 2 5
151 31 0.306172 2 4
151 136 0.306106 2 5
152 1 0.629474 6 6
152 14 0.671029 6 6
152 29 0.640822 6 6
152 30 0.646045 6 6
152 33 0.307927 6 1
152 51 0.653635 6 6
152 57 0.309018 6 1
152 60 0.698769 6 1
152 77 0.672726 6 1
152 99 0.311363 6 1
152 111 0.310653 6 5
152 134 0.634104 6 6
152 138 0.308819 6 1
152 145 0.629755 6 2
152 84 0.30791 6 1
153 0 0.675625 1 1
153 15 0.689078 1 1
153 25 0.679662 1 1
153 79 0.719881 1 1
153 157 0.690124 1 1
153 106 0.715654 1 1
153 144 0.676542 1 1
153 154 0.681928 1 1
153 103 0.675281 1 1
153 104 0.671986 1 1
153 105 0.670587 1 1
153 146 0.674907 1 1
153 101 0.668918 1 1
153 32 0.663411 1 1
153 132 0.662683 1 1
154 157 0.882489 1 1
154 28 0.687955 1 1
154 79 0.695051 1 1
154 12 0.747799 1 1
154 101 0.684514 1 1
154 15 0.654511 1 1
154 72 0.667768 1 1
154 153 0.681928 1 1
154 19 0.667029 1 4
154 105 0.657049 1 1
154 106 0.664503 1 1
154 122 0.662048 1 4
154 146 0.671292 1 1
154 104 0.652895 1 1
154 25 0.325731 1 1
155 9 0.650063 5 5
155 36 0.657806 5 5
155 80 0.657437 5 5
155 81 0.645711 5 5
155 167 0.70496 5 5
155 94 0.651231 5 5
155 111 0.672898 5 5
155 115 0.650063 5 5
155 127 0.709932 5 5
155 129 0.648473 5 5
155 147 0.655727 5 5
155 156 0.686789 5 5
155 164 0.650784 5 5
155 92 0.644543 5 5
155 35 0.643615 5 5
156 35 0.677353 5 5
156 36 0.66758 5 5
156 94 0.697472 5 5
156 127 0.667866 5 5
156 129 0.677472 5 5
156 147 0.675246 5 5
156 148 0.686498 5 5
156 155 0.686789 5 5
156 164 0.679079 5 5
156 90 0.665134 5 5
156 81 0.657316 5 5
156 11 0.656799 5 5
156 80 0.65669 5 5
156 4 0.653193 5 5
156 165 0.648783 5 5
157 12 0.728183 1 1
157 19 0.683041 1 4
157 28 0.689004 1 1
157 79 0.677351 1 1
157 146 0.674917 1 1
157 153 0.690124 1 1
157 154 0.882489 1 1
157 101 0.673018 1 1
157 25 0.666864 1 1
157 105 0.666343 1 1
157 122 0.667689 1 4
157 121 0.662454 1 1
157 71 0.660523 1 3
157 32 0.660495 1 1
157 17 0.658629 1 1
158 3 0.634837 5 5
158 13 0.619883 5 2
158 35 0.309077 5 5
158 36 0.313997 5 5
158 41 0.313061 5 1
158 167 0.667852 5 5
158 94 0.69135 5 5
158 109 0.309996 5 5
158 112 0.710882 5 5
158 120 0.309044 5 5
158 147 0.309144 5 5
158 148 0.724878 5 5
158 156 0.32019 5 5
158 81 0.308889 5 5
158 155 0.308129 5 5
159 3 0.310033 5 5
159 8 0.621666 5 4
159 11 0.641734 5 5
159 31 0.309195 5 4
159 40 0.620499 5 3
159 48 0.624115 5 3
159 149 0.625058 5 5
159 59 0.308103 5 4
159 162 0.622065 5 6
159 110 0.30883 5 5
159 113 0.31088 5 4
159 120 0.308115 5 5
159 135 0.629358 5 2
159 52 0.306603 5 1
159 29 0.306505 5 6
160 0 0.313619 3 1
160 39 0.626672 3 6
160 40 0.657468 3 3
160 48 0.655703 3 3
160 65 0.637639 3 3
160 71 0.702416 3 3
160 74 0.646233 3 3
160 75 0.633078 3 3
160 118 0.62654 3 3
160 82 0.622688 3 3
160 135 0.622424 3 2
160 117 0.308905 3 1
160 144 0.308897 3 1
160 168 0.308598 3 3
160 99 0.307925 3 1
161 32 0.655076 1 1
161 44 0.8045 1 1
161 105 0.683774 1 1
161 121 0.65757 1 1
161 130 0.660097 1 1
161 157 0.326847 1 1
161 28 0.650156 1 1
161 19 0.647721 1 4
161 25 0.325574 1 1
161 144 0.32654 1 1
161 107 0.646198 1 1
161 27 0.319604 1 4
161 146 0.321937 1 1
161 138 0.321676 1 1
161 12 0.319157 1 1
162 97 0.655025 6 4
162 124 0.650437 6 4
162 93 0.629909 6 4
162 50 0.312804 6 4
162 51 0.629897 6 6
162 0 0.313664 6 1
162 143 0.313594 6 6
162 99 0.312547 6 1
162 47 0.312433 6 5
162 138 0.311721 6 1
162 159 0.622065 6 5
162 59 0.311205 6 4
162 144 0.311406 6 1
162 38 0.62168 6 6
162 107 0.310804 6 1
163 8 0.635238 4 4
163 24 0.634197 4 5
163 31 0.657582 4 4
163 113 0.638152 4 4
163 50 0.3157 4 4
163 33 0.628242 4 1
163 131 0.626993 4 1
163 117 0.312841 4 1
163 95 0.311706 4 2
163 20 0.623381 4 4
163 78 0.311676 4 1
163 25 0.311448 4 1
163 32 0.311258 4 1
163 23 0.311287 4 5
163 122 0.310909 4 4
164 91 0.7189 5 5
164 81 0.675315 5 5
164 156 0.679079 5 5
164 94 0.673408 5 5
164 35 0.671776 5 5
164 4 0.654944 5 5
164 127 0.658191 5 5
164 129 0.664748 5 5
164 147 0.654363 5 5
164 148 0.666452 5 5
164 155 0.650784 5 5
164 80 0.64411 5 5
164 36 0.643473 5 5
164 46 0.642178 5 5
164 165 0.640218 5 5
165 4 0.648893 5 5
165 11 0.653751 5 5
165 23 0.650988 5 5
165 35 0.649631 5 5
165 37 0.647355 5 5
165 47 0.677377 5 5
165 58 0.642431 5 5
165 90 0.754883 5 5
165 156 0.648783 5 5
165 167 0.320492 5 5
165 125 0.661465 5 5
165 128 0.648716 5 5
165 148 0.647521 5 5
165 164 0.640218 5 5
165 120 0.319841 5 5
166 58 0.656099 5 5
166 61 0.671226 5 5
166 167 0.644238 5 5
166 91 0.318576 5 5
166 109 0.639975 5 5
166 111 0.638019 5 5
166 120 0.652247 5 5
166 137 0.637737 5 5
166 88 0.633633 5 5
166 3 0.315887 5 5
166 9 0.314874 5 5
166 46 0.314592 5 5
166 62 0.313959 5 5
166 115 0.314874 5 5
166 116 0.626743 5 5
167 112 0.72654 5 5
167 155 0.70496 5 5
167 92 0.681349 5 5
167 111 0.672009 5 5
167 158 0.667852 5 5
167 46 0.649674 5 5
167 58 0.664515 5 5
167 61 0.654665 5 5
167 166 0.644238 5 5
167 9 0.661645 5 5
167 24 0.650993 5 5
167 115 0.661645 5 5
167 127 0.64827 5 5
167 148 0.645088 5 5
167 3 0.642684 5 5
168 0 0.320442 3 1
168 27 0.31344 3 4
168 28 0.314698 3 1
168 48 0.633526 3 3
168 65 0.631366 3 3
168 73 0.637949 3 3
168 78 0.314348 3 1
168 79 0.65781 3 1
168 106 0.316538 3 1
168 118 0.630171 3 3
168 144 0.316968 3 1
168 97 0.313299 3 4
168 99 0.311863 3 1
168 32 0.312361 3 1
168 59 0.311823 3 4
