0 157 0.69753 1 1
0 104 0.701638 1 1
0 106 0.678237 1 1
0 154 0.714184 1 1
0 79 0.668783 1 1
0 57 0.327049 1 1
0 161 0.657124 1 1
0 99 0.324025 1 1
0 12 0.659845 1 1
0 15 0.651356 1 1
0 132 0.651771 1 1
0 153 0.664578 1 1
0 100 0.322923 1 1
0 144 0.322772 1 1
0 101 0.640621 1 1
1 38 0.720522 6 6
1 69 0.315369 6 1
1 60 0.314577 6 1
1 30 0.627396 6 6
1 33 0.313081 6 1
1 6 0.310927 6 1
1 49 0.310881 6 1
1 54 0.312898 6 1
1 57 0.310941 6 1
1 153 0.312241 6 1
1 70 0.310018 6 1
1 99 0.309994 6 1
1 100 0.310497 6 1
1 102 0.310791 6 1
1 143 0.309551 6 6
2 7 0.85133 2 2
2 73 0.31127 2 3
2 23 0.306078 2 5
2 24 0.306209 2 5
2 31 0.306638 2 4
2 58 0.305768 2 5
2 108 0.618204 2 2
2 118 0.615804 2 3
2 119 0.309328 2 2
2 135 0.306342 2 2
2 151 0.305986 2 2
2 91 0.305134 2 5
2 107 0.304938 2 1
2 65 0.304257 2 3
2 47 0.303929 2 5
3 24 0.648857 5 5
3 167 0.653703 5 5
3 92 0.65945 5 5
3 94 0.64997 5 5
3 112 0.677359 5 5
3 148 0.673564 5 5
3 109 0.642959 5 5
3 158 0.642412 5 5
3 46 0.641761 5 5
3 127 0.642312 5 5
3 164 0.319877 5 5
3 120 0.637493 5 5
3 166 0.636856 5 5
3 116 0.636811 5 5
3 88 0.635731 5 5
4 35 0.686216 5 5
4 36 0.64769 5 5
4 58 0.70473 5 5
4 66 0.660882 5 5
4 81 0.671142 5 5
4 126 0.645256 5 5
4 128 0.645256 5 5
4 156 0.66004 5 5
4 164 0.704833 5 5
4 94 0.642632 5 5
4 101 0.641946 5 1
4 147 0.640758 5 5
4 116 0.638488 5 5
4 11 0.636684 5 5
4 47 0.636675 5 5
5 9 0.659752 5 5
5 36 0.319033 5 5
5 88 0.645378 5 5
5 135 0.634008 5 2
5 91 0.317429 5 5
5 109 0.318392 5 5
5 111 0.647394 5 5
5 112 0.318077 5 5
5 115 0.639268 5 5
5 166 0.628246 5 5
5 46 0.313864 5 5
5 57 0.311651 5 1
5 62 0.311792 5 5
5 131 0.313153 5 1
5 32 0.311397 5 1
6 49 0.656251 1 1
6 54 0.656044 1 1
6 62 0.655283 1 5
6 99 0.326499 1 1
6 102 0.653526 1 1
6 117 0.660482 1 1
6 70 0.649392 1 1
6 144 0.32374 1 1
6 52 0.645251 1 1
6 69 0.641097 1 1
6 161 0.320264 1 1
6 33 0.644676 1 1
6 153 0.322132 1 1
6 57 0.322422 1 1
6 121 0.320221 1 1
7 2 0.85133 2 2
7 73 0.635267 2 3
7 31 0.30866 2 4
7 47 0.307599 2 5
7 89 0.621695 2 2
7 151 0.625216 2 2
7 109 0.307916 2 5
7 118 0.618637 2 3
7 119 0.620408 2 2
7 135 0.622574 2 2
7 142 0.633568 2 2
7 108 0.307544 2 2
7 107 0.30657 2 1
7 97 0.305677 2 4
7 68 0.305592 2 2
8 27 0.671333 4 4
8 50 0.660083 4 4
8 96 0.672692 4 4
8 98 0.653302 4 4
8 163 0.652672 4 4
8 83 0.639676 4 4
8 20 0.628844 4 4
8 29 0.635176 4 6
8 39 0.628768 4 6
8 144 0.314481 4 1
8 121 0.313602 4 1
8 122 0.314652 4 4
8 139 0.630223 4 2
8 146 0.313595 4 1
8 53 0.623764 4 1
9 111 0.773899 5 5
9 115 0.756285 5 5
9 166 0.711329 5 5
9 62 0.664504 5 5
9 167 0.701909 5 5
9 88 0.701799 5 5
9 155 0.680429 5 5
9 91 0.709535 5 5
9 41 0.693432 5 1
9 109 0.661726 5 5
9 61 0.650216 5 5
9 5 0.659752 5 5
9 116 0.655957 5 5
9 129 0.313926 5 5
9 24 0.627093 5 5
10 35 0.733294 5 5
10 46 0.32066 5 5
10 58 0.319635 5 5
10 94 0.676906 5 5
10 109 0.318943 5 5
10 112 0.689473 5 5
10 148 0.645712 5 5
10 156 0.641313 5 5
10 158 0.660656 5 5
10 91 0.318599 5 5
10 129 0.636663 5 5
10 36 0.317971 5 5
10 4 0.316304 5 5
10 80 0.313174 5 5
10 23 0.313174 5 5
11 4 0.636684 5 5
11 47 0.315072 5 5
11 57 0.312084 5 1
11 90 0.315824 5 5
11 94 0.315889 5 5
11 159 0.624917 5 5
11 165 0.646784 5 5
11 126 0.628749 5 5
11 128 0.628749 5 5
11 147 0.310168 5 5
11 156 0.318547 5 5
11 100 0.310154 5 1
11 37 0.309926 5 5
11 127 0.309907 5 5
11 125 0.309737 5 5
12 157 0.714483 1 1
12 154 0.698916 1 1
12 28 0.677956 1 1
12 72 0.653808 1 1
12 79 0.6696 1 1
12 0 0.659845 1 1
12 17 0.661482 1 1
12 104 0.673289 1 1
12 105 0.659612 1 1
12 106 0.665755 1 1
12 122 0.66064 1 4
12 100 0.325672 1 1
12 44 0.650853 1 1
12 146 0.646903 1 1
12 49 0.320868 1 1
13 89 0.644176 2 2
13 23 0.309591 2 5
13 27 0.305399 2 4
13 49 0.305136 2 1
13 66 0.3083 2 5
13 158 0.619547 2 5
13 95 0.615585 2 2
13 125 0.304861 2 5
13 135 0.624396 2 2
13 141 0.611498 2 2
13 153 0.309187 2 1
13 90 0.304769 2 5
13 68 0.30441 2 2
13 48 0.304204 2 3
13 99 0.304142 2 1
14 30 0.639505 6 6
14 49 0.321041 6 1
14 51 0.65062 6 6
14 59 0.637622 6 4
14 60 0.678081 6 1
14 70 0.315766 6 1
14 119 0.634867 6 2
14 152 0.66416 6 6
14 73 0.627968 6 3
14 96 0.313664 6 4
14 54 0.31234 6 1
14 144 0.313427 6 1
14 100 0.311979 6 1
14 25 0.311218 6 1
14 6 0.310901 6 1
15 0 0.651356 1 1
15 6 0.317815 1 1
15 52 0.644538 1 1
15 54 0.6683 1 1
15 57 0.330667 1 1
15 154 0.332408 1 1
15 157 0.320608 1 1
15 161 0.660361 1 1
15 79 0.670358 1 1
15 99 0.316955 1 1
15 102 0.690199 1 1
15 104 0.678228 1 1
15 106 0.660082 1 1
15 132 0.662196 1 1
15 64 0.3143 1 1
16 19 0.315883 1 4
16 49 0.315775 1 1
16 56 0.79111 1 1
16 117 0.316527 1 1
16 140 0.674729 1 1
16 153 0.320049 1 1
16 99 0.315556 1 1
16 57 0.313534 1 1
16 33 0.314065 1 1
16 121 0.313307 1 1
16 64 0.311841 1 1
16 0 0.311446 1 1
16 55 0.311633 1 2
16 25 0.311375 1 1
16 132 0.3107 1 1
17 12 0.661482 1 1
17 19 0.656052 1 4
17 78 0.700552 1 1
17 97 0.66367 1 4
17 157 0.324129 1 1
17 105 0.67677 1 1
17 121 0.647717 1 1
17 138 0.664709 1 1
17 144 0.66582 1 1
17 146 0.671459 1 1
17 154 0.334743 1 1
17 103 0.647307 1 1
17 122 0.646662 1 4
17 161 0.643884 1 1
17 72 0.321485 1 1
18 21 0.620585 2 6
18 23 0.3145 2 5
18 37 0.307392 2 5
18 55 0.310742 2 2
18 71 0.63988 2 3
18 99 0.308405 2 1
18 107 0.308357 2 1
18 119 0.767868 2 2
18 135 0.621596 2 2
18 153 0.309756 2 1
18 160 0.628766 2 3
18 73 0.306959 2 3
18 142 0.306793 2 2
18 49 0.306727 2 1
18 47 0.306337 2 5
19 17 0.656052 4 1
19 25 0.662436 4 1
19 28 0.644845 4 1
19 44 0.656118 4 1
19 72 0.649861 4 1
19 161 0.650856 4 1
19 105 0.692902 4 1
19 107 0.668533 4 1
19 121 0.794375 4 1
19 122 0.323193 4 4
19 140 0.661925 4 1
19 144 0.329343 4 1
19 154 0.678849 4 1
19 157 0.670116 4 1
19 96 0.318609 4 4
20 8 0.628844 4 4
20 31 0.731793 4 4
20 50 0.739625 4 4
20 55 0.304457 4 2
20 163 0.305091 4 4
20 83 0.304955 4 4
20 92 0.305249 4 5
20 99 0.306461 4 1
20 106 0.303349 4 1
20 108 0.304343 4 2
20 124 0.303572 4 4
20 87 0.303261 4 5
20 153 0.303134 4 1
20 72 0.303076 4 1
20 0 0.302964 4 1
21 29 0.638315 6 6
21 30 0.643198 6 6
21 38 0.640116 6 6
21 51 0.636519 6 6
21 69 0.65345 6 1
21 143 0.637117 6 6
21 60 0.315344 6 1
21 153 0.311081 6 1
21 79 0.311157 6 1
21 18 0.620585 6 2
21 145 0.618546 6 2
21 1 0.309153 6 6
21 25 0.308506 6 1
21 99 0.307835 6 1
21 14 0.307133 6 6
22 34 0.640704 2 1
22 62 0.645072 2 5
22 64 0.314658 2 1
22 89 0.643789 2 2
22 130 0.634755 2 1
22 69 0.313135 2 1
22 0 0.308891 2 1
22 42 0.309121 2 1
22 95 0.618924 2 2
22 97 0.311732 2 4
22 100 0.313099 2 1
22 55 0.308328 2 2
22 41 0.307288 2 1
22 107 0.306018 2 1
22 54 0.305622 2 1
23 90 0.673151 5 5
23 45 0.64781 5 2
23 46 0.658788 5 5
23 47 0.660215 5 5
23 55 0.647245 5 2
23 68 0.652496 5 2
23 165 0.649832 5 5
23 112 0.64805 5 5
23 136 0.652825 5 5
23 141 0.650206 5 2
23 91 0.647122 5 5
23 58 0.646958 5 5
23 156 0.644681 5 5
23 109 0.644645 5 5
23 54 0.64427 5 1
24 3 0.648857 5 5
24 59 0.632134 5 4
24 167 0.648043 5 5
24 163 0.648603 5 4
24 112 0.321335 5 5
24 129 0.667643 5 5
24 147 0.665996 5 5
24 148 0.318817 5 5
24 155 0.319845 5 5
24 156 0.317519 5 5
24 94 0.315963 5 5
24 9 0.627093 5 5
24 166 0.628973 5 5
24 91 0.313422 5 5
24 58 0.312727 5 5
25 19 0.662436 1 4
25 105 0.661677 1 1
25 107 0.66214 1 1
25 117 0.754054 1 1
25 130 0.660865 1 1
25 144 0.744341 1 1
25 154 0.330209 1 1
25 161 0.662506 1 1
25 84 0.658417 1 1
25 60 0.650574 1 1
25 99 0.326001 1 1
25 121 0.650592 1 1
25 153 0.653551 1 1
25 72 0.649482 1 1
25 138 0.645431 1 1
26 0 0.308136 2 1
26 23 0.312004 2 5
26 31 0.306616 2 4
26 37 0.305196 2 5
26 47 0.3056 2 5
26 54 0.306557 2 1
26 57 0.311908 2 1
26 68 0.305726 2 2
26 99 0.310362 2 1
26 108 0.307169 2 2
26 119 0.306941 2 2
26 132 0.306543 2 1
26 142 0.307977 2 2
26 153 0.308702 2 1
26 84 0.304734 2 1
27 8 0.671333 4 4
27 23 0.315849 4 5
27 50 0.661846 4 4
27 78 0.667653 4 1
27 96 0.723885 4 4
27 98 0.698409 4 4
27 103 0.639793 4 1
27 113 0.635674 4 4
27 122 0.658005 4 4
27 139 0.643155 4 2
27 144 0.318396 4 1
27 146 0.318545 4 1
27 85 0.631103 4 1
27 123 0.631074 4 4
27 97 0.631011 4 4
28 12 0.677956 1 1
28 57 0.32548 1 1
28 72 0.660773 1 1
28 79 0.670543 1 1
28 105 0.661619 1 1
28 106 0.652366 1 1
28 121 0.653877 1 1
28 122 0.693402 1 4
28 154 0.705408 1 1
28 157 0.692607 1 1
28 96 0.64818 1 4
28 19 0.644845 1 4
28 107 0.322354 1 1
28 144 0.321931 1 1
28 100 0.321858 1 1
29 8 0.635176 6 4
29 21 0.638315 6 6
29 30 0.631715 6 6
29 38 0.637921 6 6
29 39 0.649716 6 6
29 51 0.661653 6 6
29 102 0.317113 6 1
29 103 0.664755 6 1
29 104 0.321523 6 1
29 143 0.642087 6 6
29 152 0.635539 6 6
29 162 0.629182 6 6
29 97 0.313793 6 4
29 163 0.627006 6 4
29 27 0.313025 6 4
30 1 0.627396 6 6
30 14 0.639505 6 6
30 21 0.643198 6 6
30 29 0.631715 6 6
30 51 0.641119 6 6
30 69 0.310004 6 1
30 38 0.616092 6 6
30 162 0.617795 6 6
30 74 0.616992 6 3
30 8 0.30798 6 4
30 145 0.307685 6 2
30 152 0.308496 6 6
30 153 0.307878 6 1
30 159 0.614753 6 5
30 119 0.307373 6 2
31 20 0.731793 4 4
31 50 0.745894 4 4
31 55 0.311762 4 2
31 163 0.631725 4 4
31 119 0.634182 4 2
31 122 0.312857 4 4
31 124 0.632482 4 4
31 145 0.625324 4 2
31 72 0.310972 4 1
31 108 0.620764 4 2
31 8 0.310951 4 4
31 162 0.621561 4 6
31 68 0.619706 4 2
31 32 0.309403 4 1
31 3 0.30909 4 5
32 105 0.663799 1 1
32 72 0.660185 1 1
32 144 0.326535 1 1
32 79 0.652368 1 1
32 44 0.648518 1 1
32 49 0.323522 1 1
32 70 0.646903 1 1
32 140 0.646406 1 1
32 121 0.650805 1 1
32 12 0.320477 1 1
32 138 0.640113 1 1
32 117 0.320427 1 1
32 107 0.319258 1 1
32 6 0.319258 1 1
32 28 0.319141 1 1
33 34 0.656775 1 1
33 42 0.664605 1 1
33 49 0.66564 1 1
33 54 0.659758 1 1
33 57 0.671272 1 1
33 64 0.668211 1 1
33 153 0.670298 1 1
33 86 0.668261 1 1
33 99 0.68658 1 1
33 70 0.651837 1 1
33 60 0.649417 1 1
33 6 0.644676 1 1
33 117 0.322124 1 1
33 143 0.649786 1 6
33 100 0.322057 1 1
34 22 0.640704 1 2
34 33 0.656775 1 1
34 42 0.639057 1 1
34 64 0.320049 1 1
34 69 0.316626 1 1
34 62 0.314673 1 5
34 54 0.312898 1 1
34 57 0.31336 1 1
34 99 0.312687 1 1
34 100 0.314293 1 1
34 106 0.310791 1 1
34 153 0.309948 1 1
34 79 0.308359 1 1
34 102 0.309636 1 1
34 49 0.308071 1 1
35 10 0.733294 5 5
35 94 0.695179 5 5
35 36 0.684264 5 5
35 156 0.681713 5 5
35 4 0.686216 5 5
35 164 0.675803 5 5
35 148 0.662494 5 5
35 155 0.670121 5 5
35 116 0.657772 5 5
35 46 0.647756 5 5
35 112 0.321696 5 5
35 58 0.65059 5 5
35 80 0.64314 5 5
35 127 0.642594 5 5
35 165 0.316226 5 5
36 35 0.684264 5 5
36 46 0.697025 5 5
36 58 0.657887 5 5
36 80 0.768812 5 5
36 94 0.654356 5 5
36 164 0.681927 5 5
36 127 0.667387 5 5
36 136 0.658773 5 5
36 155 0.693455 5 5
36 156 0.676598 5 5
36 109 0.653655 5 5
36 148 0.653419 5 5
36 165 0.649178 5 5
36 4 0.64769 5 5
36 129 0.646459 5 5
37 47 0.653738 5 5
37 49 0.324669 5 1
37 57 0.321867 5 1
37 87 0.665061 5 5
37 110 0.671328 5 5
37 126 0.668752 5 5
37 128 0.668752 5 5
37 132 0.675544 5 1
37 138 0.654738 5 1
37 149 0.663118 5 5
37 99 0.32177 5 1
37 42 0.319174 5 1
37 153 0.31854 5 1
37 148 0.318305 5 5
37 23 0.318166 5 5
38 1 0.720522 6 6
38 14 0.308634 6 6
38 21 0.640116 6 6
38 25 0.312395 6 1
38 29 0.637921 6 6
38 30 0.616092 6 6
38 51 0.632408 6 6
38 54 0.310634 6 1
38 69 0.66925 6 1
38 100 0.30768 6 1
38 143 0.310057 6 6
38 152 0.308006 6 6
38 60 0.307528 6 1
38 73 0.306882 6 3
38 52 0.306806 6 1
39 8 0.628768 6 4
39 29 0.649716 6 6
39 103 0.640264 6 1
39 121 0.316659 6 1
39 143 0.315145 6 6
39 151 0.65423 6 2
39 78 0.313618 6 1
39 104 0.313518 6 1
39 83 0.626729 6 4
39 163 0.621673 6 4
39 75 0.625531 6 3
39 140 0.310768 6 1
39 102 0.311953 6 1
39 33 0.31034 6 1
39 160 0.62051 6 3
40 48 0.758264 3 3
40 54 0.312613 3 1
40 65 0.656408 3 3
40 73 0.648518 3 3
40 74 0.639548 3 3
40 118 0.632526 3 3
40 153 0.31261 3 1
40 160 0.690249 3 3
40 82 0.624822 3 3
40 57 0.311645 3 1
40 37 0.310104 3 5
40 75 0.621764 3 3
40 0 0.310203 3 1
40 100 0.310077 3 1
40 154 0.30989 3 1
41 9 0.693432 1 5
41 88 0.675308 1 5
41 166 0.675269 1 5
41 62 0.664523 1 5
41 111 0.659414 1 5
41 148 0.654026 1 5
41 91 0.648636 1 5
41 94 0.647061 1 5
41 61 0.31415 1 5
41 64 0.318591 1 1
41 67 0.633397 1 1
41 107 0.316478 1 1
41 109 0.317623 1 5
41 115 0.633055 1 5
41 100 0.313513 1 1
42 33 0.664605 1 1
42 49 0.682691 1 1
42 52 0.643803 1 1
42 57 0.679626 1 1
42 64 0.647094 1 1
42 86 0.67713 1 1
42 99 0.321802 1 1
42 117 0.662253 1 1
42 132 0.713035 1 1
42 138 0.691306 1 1
42 144 0.323978 1 1
42 84 0.643497 1 1
42 54 0.643186 1 1
42 34 0.639057 1 1
42 153 0.319398 1 1
43 24 0.308134 5 5
43 27 0.311446 5 4
43 35 0.308451 5 5
43 46 0.314048 5 5
43 65 0.307815 5 3
43 78 0.308215 5 1
43 80 0.310496 5 5
43 120 0.627962 5 5
43 136 0.311471 5 5
43 62 0.30743 5 5
43 74 0.614069 5 3
43 10 0.306675 5 5
43 81 0.306558 5 5
43 58 0.306243 5 5
43 98 0.305228 5 4
44 154 0.676885 1 1
44 161 0.722184 1 1
44 105 0.674138 1 1
44 107 0.679409 1 1
44 157 0.67055 1 1
44 72 0.666329 1 1
44 100 0.668555 1 1
44 121 0.657377 1 1
44 140 0.658205 1 1
44 19 0.656118 1 4
44 12 0.650853 1 1
44 144 0.327246 1 1
44 130 0.649377 1 1
44 32 0.648518 1 1
44 52 0.645582 1 1
45 23 0.64781 2 5
45 31 0.308575 2 4
45 35 0.304898 2 5
45 47 0.304964 2 5
45 55 0.714024 2 2
45 58 0.305662 2 5
45 66 0.30559 2 5
45 68 0.709726 2 2
45 89 0.304265 2 2
45 141 0.758737 2 2
45 145 0.632457 2 2
45 151 0.305801 2 2
45 156 0.308271 2 5
45 164 0.305694 2 5
45 90 0.304264 2 5
46 23 0.658788 5 5
46 36 0.697025 5 5
46 58 0.655427 5 5
46 80 0.685671 5 5
46 90 0.65665 5 5
46 136 0.66152 5 5
46 165 0.653317 5 5
46 35 0.647756 5 5
46 164 0.32357 5 5
46 81 0.64184 5 5
46 47 0.646929 5 5
46 109 0.642393 5 5
46 116 0.643997 5 5
46 3 0.641761 5 5
46 91 0.641386 5 5
47 125 0.71271 5 5
47 90 0.676238 5 5
47 165 0.674022 5 5
47 46 0.646929 5 5
47 57 0.318229 5 1
47 58 0.318207 5 5
47 156 0.320167 5 5
47 23 0.660215 5 5
47 37 0.653738 5 5
47 4 0.636675 5 5
47 136 0.645094 5 5
47 153 0.320276 5 1
47 112 0.317572 5 5
47 73 0.634363 5 3
47 68 0.632649 5 2
48 40 0.758264 3 3
48 160 0.671703 3 3
48 74 0.661772 3 3
48 65 0.658898 3 3
48 73 0.311918 3 3
48 75 0.632922 3 3
48 99 0.311729 3 1
48 153 0.317492 3 1
48 159 0.632665 3 5
48 82 0.622396 3 3
48 39 0.309522 3 6
48 23 0.309324 3 5
48 11 0.308288 3 5
48 49 0.309753 3 1
48 119 0.308123 3 2
49 42 0.682691 1 1
49 57 0.677914 1 1
49 70 0.698453 1 1
49 99 0.677701 1 1
49 117 0.696615 1 1
49 138 0.676556 1 1
49 144 0.674384 1 1
49 153 0.679116 1 1
49 84 0.66593 1 1
49 33 0.66564 1 1
49 64 0.661969 1 1
49 69 0.659856 1 1
49 132 0.658206 1 1
49 96 0.656462 1 4
49 6 0.656251 1 1
50 8 0.660083 4 4
50 20 0.739625 4 4
50 27 0.661846 4 4
50 31 0.745894 4 4
50 96 0.651211 4 4
50 99 0.661856 4 1
50 83 0.64153 4 4
50 0 0.314502 4 1
50 168 0.628571 4 3
50 106 0.316659 4 1
50 122 0.314025 4 4
50 146 0.640191 4 1
50 153 0.314215 4 1
50 98 0.627003 4 4
50 124 0.62547 4 4
51 14 0.65062 6 6
51 21 0.636519 6 6
51 29 0.661653 6 6
51 30 0.641119 6 6
51 38 0.632408 6 6
51 60 0.652804 6 1
51 162 0.641439 6 6
51 102 0.648484 6 1
51 152 0.648782 6 6
51 69 0.315782 6 1
51 64 0.314729 6 1
51 103 0.313403 6 1
51 104 0.311923 6 1
51 143 0.31088 6 6
51 57 0.309332 6 1
52 63 0.666543 1 4
52 44 0.645582 1 1
52 57 0.327015 1 1
52 6 0.645251 1 1
52 97 0.65424 1 4
52 102 0.664195 1 1
52 117 0.656493 1 1
52 132 0.324098 1 1
52 143 0.645171 1 6
52 15 0.644538 1 1
52 42 0.643803 1 1
52 69 0.642 1 1
52 28 0.320973 1 1
52 49 0.320022 1 1
52 25 0.319662 1 1
53 8 0.623764 1 4
53 59 0.30936 1 4
53 67 0.783251 1 1
53 107 0.751801 1 1
53 133 0.666088 1 1
53 144 0.690613 1 1
53 146 0.313679 1 1
53 70 0.309064 1 1
53 19 0.307723 1 4
53 99 0.307957 1 1
53 50 0.3077 1 4
53 6 0.307429 1 1
53 44 0.306989 1 1
53 123 0.307463 1 4
53 83 0.306675 1 4
54 15 0.6683 1 1
54 33 0.659758 1 1
54 57 0.662477 1 1
54 100 0.668423 1 1
54 102 0.664663 1 1
54 153 0.659823 1 1
54 99 0.658453 1 1
54 64 0.650228 1 1
54 6 0.656044 1 1
54 49 0.324031 1 1
54 23 0.64427 1 5
54 42 0.643186 1 1
54 161 0.320793 1 1
54 69 0.63756 1 1
54 131 0.637351 1 1
55 0 0.319685 2 1
55 23 0.647245 2 5
55 45 0.714024 2 2
55 68 0.696831 2 2
55 99 0.31684 2 1
55 106 0.314422 2 1
55 119 0.631393 2 2
55 141 0.696992 2 2
55 153 0.320777 2 1
55 84 0.313411 2 1
55 33 0.312642 2 1
55 57 0.313136 2 1
55 49 0.312442 2 1
55 54 0.31235 2 1
55 66 0.311834 2 5
56 16 0.79111 1 1
56 49 0.314336 1 1
56 64 0.309134 1 1
56 77 0.626167 1 1
56 107 0.311161 1 1
56 121 0.309691 1 1
56 139 0.634328 1 2
56 140 0.680657 1 1
56 153 0.309131 1 1
56 0 0.308215 1 1
56 70 0.308439 1 1
56 100 0.308054 1 1
56 144 0.308044 1 1
56 57 0.307976 1 1
56 130 0.30755 1 1
57 33 0.671272 1 1
57 42 0.679626 1 1
57 49 0.677914 1 1
57 64 0.706484 1 1
57 79 0.665765 1 1
57 99 0.67075 1 1
57 100 0.673067 1 1
57 102 0.69886 1 1
57 132 0.702597 1 1
57 138 0.663953 1 1
57 144 0.672136 1 1
57 153 0.677463 1 1
57 84 0.662556 1 1
57 54 0.662477 1 1
57 85 0.661767 1 1
58 4 0.70473 5 5
58 23 0.646958 5 5
58 35 0.65059 5 5
58 36 0.657887 5 5
58 46 0.655427 5 5
58 80 0.650274 5 5
58 112 0.663888 5 5
58 148 0.647148 5 5
58 156 0.670668 5 5
58 164 0.674268 5 5
58 109 0.64583 5 5
58 155 0.320146 5 5
58 165 0.643407 5 5
58 90 0.642309 5 5
58 158 0.63977 5 5
59 14 0.637622 4 6
59 24 0.632134 4 5
59 25 0.313053 4 1
59 28 0.311873 4 1
59 67 0.62528 4 1
59 163 0.702646 4 4
59 105 0.315218 4 1
59 107 0.657167 4 1
59 121 0.312459 4 1
59 140 0.639666 4 1
59 144 0.323362 4 1
59 154 0.315391 4 1
59 161 0.311871 4 1
59 72 0.311552 4 1
59 153 0.311334 4 1
60 14 0.678081 1 6
60 57 0.329499 1 1
60 99 0.328144 1 1
60 117 0.676632 1 1
60 152 0.67957 1 6
60 84 0.655339 1 1
60 51 0.652804 1 6
60 64 0.65367 1 1
60 144 0.325407 1 1
60 25 0.650574 1 1
60 33 0.649417 1 1
60 85 0.641105 1 1
60 143 0.640946 1 6
60 49 0.320236 1 1
60 153 0.319521 1 1
61 88 0.834864 5 5
61 9 0.650216 5 5
61 91 0.700643 5 5
61 109 0.318195 5 5
61 111 0.636527 5 5
61 112 0.323252 5 5
61 116 0.632422 5 5
61 127 0.736279 5 5
61 137 0.636052 5 5
61 148 0.316242 5 5
61 155 0.321282 5 5
61 156 0.31758 5 5
61 164 0.317044 5 5
61 166 0.652917 5 5
61 167 0.632156 5 5
62 6 0.655283 5 1
62 9 0.664504 5 5
62 22 0.645072 5 2
62 41 0.664523 5 1
62 64 0.644423 5 1
62 88 0.656445 5 5
62 166 0.641931 5 5
62 70 0.316318 5 1
62 33 0.318991 5 1
62 91 0.637634 5 5
62 100 0.318728 5 1
62 109 0.320183 5 5
62 111 0.636803 5 5
62 99 0.316159 5 1
62 49 0.315829 5 1
63 49 0.315243 4 1
63 52 0.666543 4 1
63 78 0.316375 4 1
63 93 0.630371 4 4
63 96 0.644979 4 4
63 113 0.65191 4 4
63 98 0.310672 4 4
63 57 0.308137 4 1
63 70 0.308385 4 1
63 153 0.308576 4 1
63 101 0.307687 4 1
63 104 0.305661 4 1
63 157 0.305287 4 1
63 111 0.305117 4 5
63 27 0.305036 4 4
64 33 0.668211 1 1
64 49 0.661969 1 1
64 57 0.706484 1 1
64 69 0.667364 1 1
64 153 0.655445 1 1
64 99 0.660475 1 1
64 100 0.682036 1 1
64 102 0.667696 1 1
64 130 0.654468 1 1
64 60 0.65367 1 1
64 85 0.65054 1 1
64 107 0.324098 1 1
64 42 0.647094 1 1
64 54 0.650228 1 1
64 62 0.644423 1 5
65 40 0.656408 3 3
65 48 0.658898 3 3
65 73 0.639679 3 3
65 74 0.657885 3 3
65 160 0.658037 3 3
65 109 0.317916 3 5
65 124 0.67139 3 4
65 153 0.317853 3 1
65 168 0.627845 3 3
65 49 0.308569 3 1
65 97 0.312626 3 4
65 99 0.310509 3 1
65 54 0.310181 3 1
65 122 0.309601 3 4
65 118 0.616484 3 3
66 4 0.660882 5 5
66 58 0.317658 5 5
66 81 0.638059 5 5
66 136 0.634824 5 5
66 137 0.637533 5 5
66 153 0.317093 5 1
66 164 0.316954 5 5
66 109 0.316129 5 5
66 46 0.316039 5 5
66 101 0.631756 5 1
66 23 0.314588 5 5
66 125 0.629143 5 5
66 111 0.313131 5 5
66 37 0.313096 5 5
66 143 0.312074 5 6
67 33 0.313734 1 1
67 41 0.633397 1 1
67 44 0.312153 1 1
67 53 0.783251 1 1
67 57 0.308959 1 1
67 59 0.62528 1 4
67 70 0.31047 1 1
67 163 0.30868 1 4
67 154 0.311233 1 1
67 107 0.75753 1 1
67 121 0.310436 1 1
67 131 0.630392 1 1
67 133 0.646487 1 1
67 144 0.680728 1 1
67 96 0.3085 1 4
68 23 0.652496 2 5
68 31 0.619706 2 4
68 45 0.709726 2 2
68 47 0.632649 2 5
68 55 0.696831 2 2
68 58 0.313972 2 5
68 66 0.311461 2 5
68 90 0.642646 2 5
68 125 0.640304 2 5
68 126 0.632384 2 5
68 128 0.632384 2 5
68 141 0.735541 2 2
68 145 0.643974 2 2
68 165 0.30944 2 5
68 164 0.309103 2 5
69 21 0.65345 1 6
69 38 0.66925 1 6
69 49 0.659856 1 1
69 153 0.653643 1 1
69 64 0.667364 1 1
69 99 0.675907 1 1
69 100 0.663857 1 1
69 117 0.655133 1 1
69 143 0.655939 1 6
69 57 0.326505 1 1
69 52 0.642 1 1
69 33 0.320978 1 1
69 6 0.641097 1 1
69 54 0.63756 1 1
69 25 0.318609 1 1
70 49 0.698453 1 1
70 77 0.655135 1 1
70 99 0.665825 1 1
70 85 0.653932 1 1
70 78 0.652961 1 1
70 144 0.32662 1 1
70 117 0.653675 1 1
70 121 0.65331 1 1
70 33 0.651837 1 1
70 6 0.649392 1 1
70 140 0.648718 1 1
70 32 0.646903 1 1
70 96 0.64614 1 4
70 107 0.323283 1 1
70 72 0.323047 1 1
71 18 0.63988 3 2
71 40 0.308557 3 3
71 73 0.308236 3 3
71 160 0.663616 3 3
71 135 0.628962 3 2
71 80 0.308135 3 5
71 69 0.306266 3 1
71 17 0.307634 3 1
71 0 0.307917 3 1
71 119 0.307 3 2
71 35 0.306547 3 5
71 157 0.30593 3 1
71 79 0.305875 3 1
71 118 0.305864 3 3
71 78 0.305779 3 1
72 12 0.653808 1 1
72 19 0.649861 1 4
72 25 0.649482 1 1
72 28 0.660773 1 1
72 32 0.660185 1 1
72 44 0.666329 1 1
72 79 0.665813 1 1
72 105 0.684302 1 1
72 106 0.67723 1 1
72 121 0.655395 1 1
72 122 0.654026 1 4
72 144 0.32641 1 1
72 154 0.671687 1 1
72 157 0.658472 1 1
72 100 0.324164 1 1
73 7 0.635267 3 2
73 14 0.627968 3 6
73 23 0.317458 3 5
73 40 0.648518 3 3
73 47 0.634363 3 5
73 54 0.314629 3 1
73 65 0.639679 3 3
73 165 0.637736 3 5
73 168 0.630662 3 3
73 90 0.314476 3 5
73 97 0.634256 3 4
73 99 0.323645 3 1
73 109 0.316481 3 5
73 118 0.715683 3 3
73 153 0.31371 3 1
74 40 0.639548 3 3
74 48 0.661772 3 3
74 65 0.657885 3 3
74 75 0.642457 3 3
74 160 0.703813 3 3
74 153 0.314872 3 1
74 82 0.628089 3 3
74 54 0.310449 3 1
74 73 0.313575 3 3
74 97 0.310383 3 4
74 154 0.310032 3 1
74 30 0.616992 3 6
74 157 0.308438 3 1
74 49 0.30763 3 1
74 43 0.614069 3 5
75 160 0.659226 3 3
75 82 0.795432 3 3
75 74 0.642457 3 3
75 48 0.632922 3 3
75 49 0.315969 3 1
75 93 0.628983 3 4
75 113 0.63108 3 4
75 39 0.625531 3 6
75 70 0.309857 3 1
75 40 0.621764 3 3
75 54 0.309894 3 1
75 96 0.30873 3 4
75 153 0.308685 3 1
75 65 0.306162 3 3
75 138 0.306096 3 1
76 55 0.310309 2 2
76 141 0.618411 2 2
76 78 0.307053 2 1
76 37 0.305684 2 5
76 68 0.306122 2 2
76 135 0.30704 2 2
76 164 0.305681 2 5
76 73 0.305409 2 3
76 23 0.304953 2 5
76 65 0.305174 2 3
76 90 0.304641 2 5
76 27 0.304344 2 4
76 45 0.304218 2 2
76 145 0.304243 2 2
76 0 0.303874 2 1
77 70 0.655135 1 1
77 49 0.324618 1 1
77 99 0.322734 1 1
77 152 0.643519 1 6
77 33 0.321127 1 1
77 131 0.637829 1 1
77 6 0.318517 1 1
77 64 0.318321 1 1
77 57 0.318046 1 1
77 54 0.316259 1 1
77 60 0.31563 1 1
77 140 0.315418 1 1
77 133 0.630122 1 1
77 62 0.313225 1 5
77 56 0.626167 1 1
78 17 0.700552 1 1
78 27 0.667653 1 4
78 70 0.652961 1 1
78 96 0.662583 1 4
78 103 0.648704 1 1
78 122 0.649915 1 4
78 150 0.696793 1 1
78 85 0.645405 1 1
78 64 0.321388 1 1
78 113 0.640647 1 4
78 98 0.639742 1 4
78 12 0.319477 1 1
78 123 0.638304 1 4
78 72 0.317516 1 1
78 146 0.317152 1 1
79 106 0.840881 1 1
79 157 0.737601 1 1
79 15 0.670358 1 1
79 28 0.670543 1 1
79 57 0.665765 1 1
79 72 0.665813 1 1
79 154 0.729425 1 1
79 12 0.6696 1 1
79 100 0.67231 1 1
79 0 0.668783 1 1
79 99 0.662632 1 1
79 32 0.652368 1 1
79 132 0.655986 1 1
79 153 0.659821 1 1
79 168 0.651707 1 3
80 3 0.314638 5 5
80 4 0.315551 5 5
80 35 0.64314 5 5
80 36 0.768812 5 5
80 46 0.685671 5 5
80 58 0.650274 5 5
80 81 0.636287 5 5
80 164 0.321727 5 5
80 120 0.641885 5 5
80 127 0.317108 5 5
80 129 0.641214 5 5
80 136 0.674626 5 5
80 155 0.688565 5 5
80 156 0.652707 5 5
80 112 0.314588 5 5
81 4 0.671142 5 5
81 36 0.319614 5 5
81 46 0.64184 5 5
81 58 0.319494 5 5
81 66 0.638059 5 5
81 164 0.692225 5 5
81 101 0.648112 5 1
81 148 0.321144 5 5
81 156 0.320331 5 5
81 94 0.318399 5 5
81 165 0.634601 5 5
81 80 0.636287 5 5
81 35 0.31604 5 5
81 155 0.316741 5 5
81 146 0.315961 5 1
82 40 0.624822 3 3
82 48 0.622396 3 3
82 153 0.303497 3 1
82 160 0.64135 3 3
82 74 0.628089 3 3
82 75 0.795432 3 3
82 65 0.30272 3 3
82 1 0.302529 3 6
82 39 0.302195 3 6
82 149 0.300811 3 5
82 37 0.302084 3 5
82 137 0.301898 3 5
82 54 0.301555 3 1
82 138 0.300789 3 1
82 110 0.30059 3 5
83 8 0.639676 4 4
83 39 0.626729 4 6
83 50 0.64153 4 4
83 96 0.31733 4 4
83 121 0.318078 4 1
83 143 0.639526 4 6
83 144 0.313724 4 1
83 153 0.322342 4 1
83 97 0.313019 4 4
83 107 0.310364 4 1
83 108 0.624912 4 2
83 93 0.624264 4 4
83 122 0.309786 4 4
83 103 0.309048 4 1
83 28 0.309038 4 1
84 25 0.658417 1 1
84 42 0.643497 1 1
84 49 0.66593 1 1
84 57 0.662556 1 1
84 60 0.655339 1 1
84 70 0.316921 1 1
84 99 0.666274 1 1
84 102 0.31649 1 1
84 117 0.711897 1 1
84 144 0.691902 1 1
84 153 0.320628 1 1
84 85 0.315221 1 1
84 154 0.315217 1 1
84 138 0.314494 1 1
84 107 0.314201 1 1
85 57 0.661767 1 1
85 117 0.6586 1 1
85 70 0.653932 1 1
85 60 0.641105 1 1
85 64 0.65054 1 1
85 78 0.645405 1 1
85 86 0.639775 1 1
85 153 0.317246 1 1
85 42 0.316158 1 1
85 33 0.31853 1 1
85 99 0.318809 1 1
85 25 0.316727 1 1
85 140 0.31663 1 1
85 144 0.31863 1 1
85 27 0.631103 1 4
86 12 0.31654 1 1
86 28 0.316856 1 1
86 33 0.668261 1 1
86 42 0.67713 1 1
86 49 0.320739 1 1
86 57 0.313537 1 1
86 64 0.316249 1 1
86 85 0.639775 1 1
86 99 0.317162 1 1
86 100 0.314662 1 1
86 122 0.315488 1 4
86 138 0.315683 1 1
86 143 0.314462 1 6
86 153 0.31229 1 1
86 70 0.311397 1 1
87 23 0.309171 5 5
87 37 0.665061 5 5
87 46 0.308016 5 5
87 68 0.308519 5 2
87 165 0.306987 5 5
87 110 0.748862 5 5
87 125 0.311492 5 5
87 126 0.668469 5 5
87 128 0.668469 5 5
87 136 0.3094 5 5
87 142 0.306233 5 2
87 149 0.776059 5 5
87 90 0.305958 5 5
87 35 0.305158 5 5
87 127 0.304777 5 5
88 61 0.834864 5 5
88 91 0.719362 5 5
88 166 0.71506 5 5
88 41 0.675308 5 1
88 9 0.701799 5 5
88 111 0.672617 5 5
88 127 0.703769 5 5
88 109 0.668302 5 5
88 62 0.656445 5 5
88 116 0.657997 5 5
88 115 0.647969 5 5
88 3 0.635731 5 5
88 5 0.645378 5 5
88 167 0.641298 5 5
88 112 0.317685 5 5
89 13 0.644176 2 2
89 22 0.643789 2 2
89 47 0.314456 2 5
89 114 0.644416 2 2
89 135 0.653911 2 2
89 139 0.627492 2 2
89 153 0.311727 2 1
89 7 0.621695 2 2
89 142 0.308898 2 2
89 99 0.310488 2 1
89 111 0.310725 2 5
89 57 0.308856 2 1
89 66 0.309968 2 5
89 136 0.308684 2 5
89 10 0.308188 2 5
90 165 0.728713 5 5
90 23 0.673151 5 5
90 36 0.321017 5 5
90 46 0.65665 5 5
90 47 0.676238 5 5
90 58 0.642309 5 5
90 68 0.642646 5 2
90 164 0.64843 5 5
90 109 0.320368 5 5
90 112 0.65525 5 5
90 125 0.653715 5 5
90 127 0.646568 5 5
90 136 0.648453 5 5
90 148 0.645564 5 5
90 94 0.639887 5 5
91 88 0.719362 5 5
91 23 0.647122 5 5
91 41 0.648636 5 1
91 46 0.641386 5 5
91 61 0.700643 5 5
91 164 0.679593 5 5
91 9 0.709535 5 5
91 166 0.670945 5 5
91 109 0.672155 5 5
91 111 0.690196 5 5
91 115 0.650721 5 5
91 116 0.652128 5 5
91 127 0.65152 5 5
91 147 0.641271 5 5
91 62 0.637634 5 5
92 3 0.65945 5 5
92 36 0.31818 5 5
92 109 0.31249 5 5
92 112 0.315207 5 5
92 127 0.642798 5 5
92 155 0.667388 5 5
92 80 0.312044 5 5
92 46 0.308335 5 5
92 156 0.310045 5 5
92 167 0.310541 5 5
92 31 0.309004 5 4
92 9 0.308519 5 5
92 164 0.308134 5 5
92 136 0.306778 5 5
92 58 0.305681 5 5
93 23 0.311953 4 5
93 49 0.327072 4 1
93 63 0.630371 4 4
93 70 0.315797 4 1
93 75 0.628983 4 3
93 78 0.312735 4 1
93 83 0.624264 4 4
93 96 0.319714 4 4
93 107 0.311352 4 1
93 113 0.668676 4 4
93 122 0.321557 4 4
93 123 0.647668 4 4
93 140 0.308624 4 1
93 146 0.3108 4 1
93 97 0.308256 4 4
94 3 0.64997 5 5
94 4 0.642632 5 5
94 10 0.676906 5 5
94 35 0.695179 5 5
94 36 0.654356 5 5
94 41 0.647061 5 1
94 165 0.646536 5 5
94 112 0.728081 5 5
94 127 0.646964 5 5
94 148 0.78491 5 5
94 155 0.654334 5 5
94 156 0.677676 5 5
94 158 0.729511 5 5
94 164 0.663548 5 5
94 90 0.639887 5 5
95 8 0.30693 2 4
95 13 0.615585 2 2
95 22 0.618924 2 2
95 25 0.306635 2 1
95 28 0.306565 2 1
95 29 0.305676 2 6
95 55 0.305661 2 2
95 162 0.62401 2 6
95 69 0.309183 2 1
95 165 0.304827 2 5
95 124 0.612735 2 4
95 42 0.304806 2 1
95 132 0.304757 2 1
95 37 0.303867 2 5
95 47 0.303793 2 5
96 8 0.672692 4 4
96 27 0.723885 4 4
96 144 0.66265 4 1
96 98 0.691424 4 4
96 113 0.680581 4 4
96 122 0.695536 4 4
96 139 0.671079 4 2
96 78 0.662583 4 1
96 154 0.326774 4 1
96 49 0.656462 4 1
96 50 0.651211 4 4
96 70 0.64614 4 1
96 72 0.322652 4 1
96 28 0.64818 4 1
96 63 0.644979 4 4
97 17 0.66367 4 1
97 52 0.65424 4 1
97 57 0.328381 4 1
97 168 0.634348 4 3
97 96 0.32111 4 4
97 109 0.318442 4 5
97 121 0.317688 4 1
97 73 0.634256 4 3
97 122 0.316257 4 4
97 28 0.316929 4 1
97 101 0.631707 4 1
97 98 0.631423 4 4
97 27 0.631011 4 4
97 144 0.314983 4 1
97 72 0.314302 4 1
98 8 0.653302 4 4
98 27 0.698409 4 4
98 78 0.639742 4 1
98 96 0.691424 4 4
98 122 0.316938 4 4
98 137 0.644504 4 5
98 139 0.637606 4 2
98 97 0.631423 4 4
98 50 0.627003 4 4
98 163 0.629511 4 4
98 144 0.315105 4 1
98 113 0.624456 4 4
98 123 0.629618 4 4
98 107 0.311275 4 1
98 119 0.621649 4 2
99 33 0.68658 1 1
99 49 0.677701 1 1
99 57 0.67075 1 1
99 69 0.675907 1 1
99 117 0.680727 1 1
99 153 0.706885 1 1
99 84 0.666274 1 1
99 70 0.665825 1 1
99 79 0.662632 1 1
99 50 0.661856 1 4
99 144 0.330653 1 1
99 64 0.660475 1 1
99 138 0.658803 1 1
99 143 0.658778 1 6
99 54 0.658453 1 1
100 57 0.673067 1 1
100 64 0.682036 1 1
100 161 0.698341 1 1
100 106 0.672977 1 1
100 130 0.694408 1 1
100 79 0.67231 1 1
100 44 0.668555 1 1
100 54 0.668423 1 1
100 69 0.663857 1 1
100 157 0.669297 1 1
100 154 0.335059 1 1
100 107 0.657607 1 1
100 132 0.660524 1 1
100 99 0.327332 1 1
100 104 0.652503 1 1
101 0 0.640621 1 1
101 4 0.641946 1 5
101 57 0.32197 1 1
101 66 0.631756 1 5
101 81 0.648112 1 5
101 97 0.631707 1 4
101 164 0.32079 1 5
101 143 0.635944 1 6
101 144 0.323169 1 1
101 146 0.685275 1 1
101 153 0.316925 1 1
101 104 0.314372 1 1
101 157 0.314344 1 1
101 117 0.314187 1 1
101 17 0.313521 1 1
102 15 0.690199 1 1
102 57 0.69886 1 1
102 64 0.667696 1 1
102 51 0.648484 1 6
102 52 0.664195 1 1
102 54 0.664663 1 1
102 6 0.653526 1 1
102 99 0.322793 1 1
102 103 0.654042 1 1
102 104 0.660204 1 1
102 106 0.322844 1 1
102 132 0.65106 1 1
102 79 0.322487 1 1
102 44 0.319292 1 1
102 100 0.319135 1 1
103 0 0.31731 1 1
103 12 0.317687 1 1
103 17 0.647307 1 1
103 27 0.639793 1 4
103 29 0.664755 1 6
103 39 0.640264 1 6
103 54 0.31628 1 1
103 57 0.315644 1 1
103 78 0.648704 1 1
103 102 0.654042 1 1
103 104 0.725148 1 1
103 122 0.647754 1 4
103 153 0.31941 1 1
103 154 0.323763 1 1
103 96 0.315029 1 4
104 0 0.701638 1 1
104 12 0.673289 1 1
104 15 0.678228 1 1
104 57 0.330779 1 1
104 157 0.690999 1 1
104 161 0.652831 1 1
104 100 0.652503 1 1
104 102 0.660204 1 1
104 103 0.725148 1 1
104 106 0.65645 1 1
104 132 0.660449 1 1
104 153 0.326347 1 1
104 154 0.706498 1 1
104 79 0.325767 1 1
104 122 0.322732 1 4
105 19 0.692902 1 4
105 154 0.693261 1 1
105 72 0.684302 1 1
105 44 0.674138 1 1
105 157 0.670853 1 1
105 17 0.67677 1 1
105 121 0.683912 1 1
105 144 0.681167 1 1
105 161 0.669208 1 1
105 107 0.668506 1 1
105 25 0.661677 1 1
105 28 0.661619 1 1
105 32 0.663799 1 1
105 12 0.659612 1 1
105 122 0.657499 1 4
106 79 0.840881 1 1
106 157 0.730594 1 1
106 15 0.660082 1 1
106 28 0.652366 1 1
106 57 0.325317 1 1
106 72 0.67723 1 1
106 0 0.678237 1 1
106 12 0.665755 1 1
106 99 0.327039 1 1
106 100 0.672977 1 1
106 104 0.65645 1 1
106 132 0.6597 1 1
106 153 0.664039 1 1
106 154 0.713584 1 1
106 168 0.646637 1 3
107 67 0.75753 1 1
107 44 0.679409 1 1
107 53 0.751801 1 1
107 144 0.729365 1 1
107 121 0.672632 1 1
107 131 0.672878 1 1
107 154 0.670584 1 1
107 19 0.668533 1 4
107 105 0.668506 1 1
107 25 0.66214 1 1
107 161 0.660552 1 1
107 59 0.657167 1 4
107 100 0.657607 1 1
107 140 0.654012 1 1
107 57 0.326028 1 1
108 78 0.313705 2 1
108 119 0.630886 2 2
108 124 0.62536 2 4
108 83 0.624912 2 4
108 23 0.311748 2 5
108 27 0.310207 2 4
108 31 0.620764 2 4
108 47 0.309985 2 5
108 153 0.309781 2 1
108 165 0.311356 2 5
108 97 0.311039 2 4
108 154 0.309678 2 1
108 2 0.618204 2 2
108 36 0.309043 2 5
108 140 0.308024 2 1
109 88 0.668302 5 5
109 91 0.672155 5 5
109 116 0.668317 5 5
109 166 0.664097 5 5
109 23 0.644645 5 5
109 36 0.653655 5 5
109 58 0.64583 5 5
109 164 0.663429 5 5
109 111 0.656824 5 5
109 112 0.663449 5 5
109 9 0.661726 5 5
109 136 0.646198 5 5
109 3 0.642959 5 5
109 46 0.642393 5 5
109 115 0.642056 5 5
110 149 0.772066 5 5
110 87 0.748862 5 5
110 37 0.671328 5 5
110 58 0.306194 5 5
110 66 0.305073 5 5
110 68 0.305925 5 2
110 155 0.3062 5 5
110 23 0.304714 5 5
110 24 0.306272 5 5
110 125 0.31235 5 5
110 126 0.642223 5 5
110 128 0.642223 5 5
110 137 0.307476 5 5
110 148 0.304571 5 5
110 94 0.303675 5 5
111 9 0.773899 5 5
111 167 0.675966 5 5
111 91 0.690196 5 5
111 115 0.714482 5 5
111 166 0.675969 5 5
111 88 0.672617 5 5
111 155 0.659561 5 5
111 41 0.659414 5 1
111 61 0.636527 5 5
111 62 0.636803 5 5
111 116 0.641706 5 5
111 109 0.656824 5 5
111 5 0.647394 5 5
111 23 0.317319 5 5
111 49 0.31704 5 1
112 3 0.677359 5 5
112 10 0.689473 5 5
112 58 0.663888 5 5
112 167 0.658337 5 5
112 94 0.728081 5 5
112 109 0.663449 5 5
112 148 0.75755 5 5
112 156 0.668364 5 5
112 158 0.75112 5 5
112 164 0.660321 5 5
112 90 0.65525 5 5
112 136 0.652216 5 5
112 147 0.649914 5 5
112 155 0.648547 5 5
112 23 0.64805 5 5
113 96 0.680581 4 4
113 93 0.668676 4 4
113 27 0.635674 4 4
113 49 0.327788 4 1
113 63 0.65191 4 4
113 70 0.321016 4 1
113 75 0.63108 4 3
113 78 0.640647 4 1
113 162 0.629473 4 6
113 98 0.624456 4 4
113 107 0.308155 4 1
113 159 0.305734 4 5
113 8 0.304403 4 4
113 140 0.304326 4 1
113 12 0.303669 4 1
114 0 0.306322 2 1
114 3 0.305524 2 5
114 33 0.306035 2 1
114 49 0.306677 2 1
114 55 0.309256 2 2
114 57 0.309129 2 1
114 89 0.644416 2 2
114 96 0.306574 2 4
114 99 0.310848 2 1
114 118 0.623 2 3
114 135 0.306771 2 2
114 144 0.305524 2 1
114 153 0.307717 2 1
114 154 0.305526 2 1
114 84 0.305494 2 1
115 9 0.756285 5 5
115 167 0.694207 5 5
115 111 0.714482 5 5
115 155 0.661826 5 5
115 91 0.650721 5 5
115 88 0.647969 5 5
115 166 0.644898 5 5
115 109 0.642056 5 5
115 5 0.639268 5 5
115 57 0.315647 5 1
115 41 0.633055 5 1
115 116 0.627529 5 5
115 97 0.312991 5 4
115 49 0.3122 5 1
115 153 0.311929 5 1
116 166 0.662925 5 5
116 109 0.668317 5 5
116 88 0.657997 5 5
116 9 0.655957 5 5
116 35 0.657772 5 5
116 91 0.652128 5 5
116 46 0.643997 5 5
116 58 0.315862 5 5
116 61 0.632422 5 5
116 3 0.636811 5 5
116 4 0.638488 5 5
116 111 0.641706 5 5
116 164 0.31574 5 5
116 62 0.313799 5 5
116 115 0.627529 5 5
117 25 0.754054 1 1
117 144 0.732683 1 1
117 84 0.711897 1 1
117 6 0.660482 1 1
117 42 0.662253 1 1
117 49 0.696615 1 1
117 52 0.656493 1 1
117 57 0.32965 1 1
117 60 0.676632 1 1
117 69 0.655133 1 1
117 85 0.6586 1 1
117 99 0.680727 1 1
117 138 0.672791 1 1
117 153 0.702169 1 1
117 70 0.653675 1 1
118 2 0.615804 3 2
118 7 0.618637 3 2
118 40 0.632526 3 3
118 47 0.309277 3 5
118 54 0.313148 3 1
118 65 0.616484 3 3
118 73 0.715683 3 3
118 99 0.307573 3 1
118 114 0.623 3 2
118 153 0.308377 3 1
118 154 0.308661 3 1
118 157 0.30851 3 1
118 160 0.616446 3 3
118 83 0.307287 3 4
118 19 0.307282 3 4
119 14 0.634867 2 6
119 18 0.767868 2 2
119 23 0.316631 2 5
119 31 0.634182 2 4
119 142 0.642338 2 2
119 153 0.316003 2 1
119 55 0.631393 2 2
119 47 0.313881 2 5
119 108 0.630886 2 2
119 140 0.313508 2 1
119 90 0.31326 2 5
119 49 0.311634 2 1
119 98 0.621649 2 4
119 46 0.310739 2 5
119 7 0.620408 2 2
120 3 0.637493 5 5
120 37 0.31674 5 5
120 43 0.627962 5 5
120 46 0.316871 5 5
120 80 0.641885 5 5
120 167 0.641775 5 5
120 112 0.317513 5 5
120 136 0.644308 5 5
120 137 0.651696 5 5
120 81 0.313906 5 5
120 10 0.312636 5 5
120 61 0.313676 5 5
120 156 0.312779 5 5
120 166 0.622346 5 5
120 36 0.310145 5 5
121 19 0.794375 1 4
121 105 0.683912 1 1
121 107 0.672632 1 1
121 154 0.334549 1 1
121 44 0.657377 1 1
121 144 0.663844 1 1
121 140 0.658163 1 1
121 72 0.655395 1 1
121 28 0.653877 1 1
121 32 0.650805 1 1
121 70 0.65331 1 1
121 122 0.651646 1 4
121 25 0.650592 1 1
121 157 0.323937 1 1
121 17 0.647717 1 1
122 123 0.700467 4 4
122 96 0.695536 4 4
122 28 0.693402 4 1
122 154 0.675375 4 1
122 12 0.66064 4 1
122 157 0.658886 4 1
122 27 0.658005 4 4
122 105 0.657499 4 1
122 72 0.654026 4 1
122 103 0.647754 4 1
122 144 0.326976 4 1
122 78 0.649915 4 1
122 121 0.651646 4 1
122 107 0.323648 4 1
122 17 0.646662 4 1
123 150 0.742568 4 1
123 93 0.647668 4 4
123 122 0.700467 4 4
123 146 0.674974 4 1
123 78 0.638304 4 1
123 96 0.316438 4 4
123 27 0.631074 4 4
123 98 0.629618 4 4
123 77 0.312049 4 1
123 28 0.31181 4 1
123 49 0.309782 4 1
123 50 0.310133 4 4
123 99 0.309546 4 1
123 12 0.309379 4 1
123 33 0.308799 4 1
124 17 0.306419 4 1
124 31 0.632482 4 4
124 50 0.62547 4 4
124 65 0.67139 4 3
124 107 0.307019 4 1
124 108 0.62536 4 2
124 131 0.306397 4 1
124 162 0.308133 4 6
124 95 0.612735 4 2
124 97 0.304847 4 4
124 119 0.305336 4 2
124 121 0.305443 4 1
124 142 0.30589 4 2
124 118 0.304837 4 3
124 78 0.304451 4 1
125 47 0.71271 5 5
125 126 0.657759 5 5
125 128 0.657759 5 5
125 90 0.653715 5 5
125 165 0.641764 5 5
125 68 0.640304 5 2
125 37 0.317324 5 5
125 46 0.319413 5 5
125 57 0.312925 5 1
125 58 0.313062 5 5
125 66 0.629143 5 5
125 4 0.317438 5 5
125 94 0.312784 5 5
125 148 0.313759 5 5
125 23 0.312496 5 5
126 4 0.645256 5 5
126 37 0.668752 5 5
126 47 0.315755 5 5
126 58 0.317179 5 5
126 68 0.632384 5 2
126 87 0.668469 5 5
126 156 0.318579 5 5
126 110 0.642223 5 5
126 125 0.657759 5 5
126 128 1 5 5
126 149 0.640973 5 5
126 165 0.31443 5 5
126 90 0.314394 5 5
126 11 0.628749 5 5
126 36 0.313451 5 5
127 36 0.667387 5 5
127 61 0.736279 5 5
127 88 0.703769 5 5
127 91 0.65152 5 5
127 94 0.646964 5 5
127 148 0.651182 5 5
127 155 0.696928 5 5
127 164 0.649644 5 5
127 90 0.646568 5 5
127 92 0.642798 5 5
127 35 0.642594 5 5
127 3 0.642312 5 5
127 167 0.640871 5 5
127 156 0.641115 5 5
127 129 0.639394 5 5
128 4 0.645256 5 5
128 37 0.668752 5 5
128 47 0.315755 5 5
128 58 0.317179 5 5
128 68 0.632384 5 2
128 87 0.668469 5 5
128 156 0.318579 5 5
128 110 0.642223 5 5
128 125 0.657759 5 5
128 126 1 5 5
128 149 0.640973 5 5
128 165 0.31443 5 5
128 11 0.628749 5 5
128 90 0.314394 5 5
128 36 0.313451 5 5
129 10 0.636663 5 5
129 24 0.667643 5 5
129 36 0.646459 5 5
129 58 0.319469 5 5
129 80 0.641214 5 5
129 156 0.645638 5 5
129 112 0.321093 5 5
129 127 0.639394 5 5
129 147 0.67604 5 5
129 155 0.671089 5 5
129 164 0.316827 5 5
129 167 0.630892 5 5
129 111 0.315102 5 5
129 35 0.315279 5 5
129 46 0.314614 5 5
130 22 0.634755 1 2
130 25 0.660865 1 1
130 44 0.649377 1 1
130 57 0.31364 1 1
130 64 0.654468 1 1
130 161 0.682314 1 1
130 72 0.32267 1 1
130 100 0.694408 1 1
130 105 0.313879 1 1
130 107 0.321431 1 1
130 154 0.316474 1 1
130 157 0.318038 1 1
130 69 0.313305 1 1
130 106 0.313075 1 1
130 79 0.31205 1 1
131 57 0.328089 1 1
131 107 0.672878 1 1
131 133 0.705015 1 1
131 64 0.3213 1 1
131 49 0.320104 1 1
131 77 0.637829 1 1
131 6 0.314282 1 1
131 144 0.314882 1 1
131 67 0.630392 1 1
131 44 0.314617 1 1
131 54 0.637351 1 1
131 100 0.31421 1 1
131 37 0.316173 1 5
131 42 0.313872 1 1
131 99 0.313833 1 1
132 15 0.662196 1 1
132 37 0.675544 1 5
132 42 0.713035 1 1
132 49 0.658206 1 1
132 57 0.702597 1 1
132 100 0.660524 1 1
132 104 0.660449 1 1
132 106 0.6597 1 1
132 138 0.735453 1 1
132 153 0.66908 1 1
132 154 0.33056 1 1
132 79 0.655986 1 1
132 99 0.327035 1 1
132 0 0.651771 1 1
132 102 0.65106 1 1
133 6 0.319923 1 1
133 33 0.315973 1 1
133 53 0.666088 1 1
133 54 0.31685 1 1
133 57 0.322988 1 1
133 67 0.646487 1 1
133 99 0.323662 1 1
133 107 0.322484 1 1
133 131 0.705015 1 1
133 153 0.317134 1 1
133 77 0.630122 1 1
133 37 0.313772 1 5
133 132 0.313655 1 1
133 154 0.312739 1 1
133 49 0.311957 1 1
134 14 0.303162 6 6
134 39 0.303646 6 6
134 44 0.302012 6 1
134 49 0.307915 6 1
134 57 0.302963 6 1
134 62 0.301948 6 5
134 63 0.302564 6 4
134 64 0.303934 6 1
134 69 0.308088 6 1
134 97 0.303295 6 4
134 104 0.302183 6 1
134 107 0.301551 6 1
134 131 0.303368 6 1
134 152 0.301799 6 6
134 78 0.301516 6 1
135 5 0.634008 2 5
135 89 0.653911 2 2
135 71 0.628962 2 3
135 18 0.621596 2 2
135 33 0.310536 2 1
135 57 0.313647 2 1
135 64 0.310024 2 1
135 160 0.619812 2 3
135 7 0.622574 2 2
135 13 0.624396 2 2
135 140 0.308631 2 1
135 153 0.312064 2 1
135 154 0.310904 2 1
135 90 0.308334 2 5
135 119 0.30799 2 2
136 4 0.314196 5 5
136 23 0.652825 5 5
136 36 0.658773 5 5
136 37 0.315571 5 5
136 46 0.66152 5 5
136 47 0.645094 5 5
136 66 0.634824 5 5
136 80 0.674626 5 5
136 156 0.319607 5 5
136 90 0.648453 5 5
136 94 0.31553 5 5
136 109 0.646198 5 5
136 112 0.652216 5 5
136 120 0.644308 5 5
136 81 0.313233 5 5
137 3 0.317378 5 5
137 9 0.310473 5 5
137 10 0.309692 5 5
137 37 0.311609 5 5
137 46 0.319253 5 5
137 58 0.309338 5 5
137 61 0.636052 5 5
137 66 0.637533 5 5
137 81 0.312078 5 5
137 88 0.309711 5 5
137 166 0.311123 5 5
137 98 0.644504 5 4
137 101 0.309345 5 1
137 120 0.651696 5 5
137 83 0.307922 5 4
138 17 0.664709 1 1
138 25 0.645431 1 1
138 32 0.640113 1 1
138 37 0.654738 1 5
138 42 0.691306 1 1
138 49 0.676556 1 1
138 52 0.317884 1 1
138 57 0.663953 1 1
138 99 0.658803 1 1
138 117 0.672791 1 1
138 132 0.735453 1 1
138 144 0.319635 1 1
138 153 0.317417 1 1
138 60 0.316916 1 1
138 154 0.316735 1 1
139 96 0.671079 2 4
139 8 0.630223 2 4
139 27 0.643155 2 4
139 56 0.634328 2 1
139 89 0.627492 2 2
139 98 0.637606 2 4
139 3 0.3109 2 5
139 111 0.31065 2 5
139 16 0.309519 2 1
139 149 0.609326 2 5
139 24 0.308781 2 5
139 122 0.308976 2 4
139 135 0.304741 2 2
139 59 0.304386 2 4
139 123 0.303997 2 4
140 16 0.674729 1 1
140 19 0.661925 1 4
140 32 0.646406 1 1
140 44 0.658205 1 1
140 49 0.325679 1 1
140 56 0.680657 1 1
140 70 0.648718 1 1
140 105 0.32152 1 1
140 107 0.654012 1 1
140 121 0.658163 1 1
140 144 0.321363 1 1
140 154 0.324023 1 1
140 72 0.320276 1 1
140 59 0.639666 1 4
140 96 0.319116 1 4
141 23 0.650206 2 5
141 45 0.758737 2 2
141 55 0.696992 2 2
141 68 0.735541 2 2
141 145 0.646376 2 2
141 76 0.618411 2 2
141 90 0.308815 2 5
141 31 0.308767 2 4
141 35 0.30816 2 5
141 162 0.307389 2 6
141 155 0.306138 2 5
141 97 0.306143 2 4
141 156 0.306066 2 5
141 13 0.611498 2 2
141 94 0.305495 2 5
142 7 0.633568 2 2
142 23 0.319114 2 5
142 27 0.312563 2 4
142 36 0.313929 2 5
142 46 0.314519 2 5
142 47 0.311311 2 5
142 73 0.310942 2 3
142 164 0.310681 2 5
142 165 0.310902 2 5
142 109 0.310883 2 5
142 119 0.642338 2 2
142 136 0.312121 2 5
142 140 0.311139 2 1
142 81 0.310248 2 5
142 107 0.310196 2 1
143 21 0.637117 6 6
143 29 0.642087 6 6
143 33 0.649786 6 1
143 49 0.324395 6 1
143 52 0.645171 6 1
143 60 0.640946 6 1
143 69 0.655939 6 1
143 70 0.318264 6 1
143 153 0.325992 6 1
143 83 0.639526 6 4
143 99 0.658778 6 1
143 101 0.635944 6 1
143 122 0.3164 6 4
143 117 0.316004 6 1
143 28 0.315286 6 1
144 25 0.744341 1 1
144 107 0.729365 1 1
144 117 0.732683 1 1
144 154 0.69193 1 1
144 84 0.691902 1 1
144 49 0.674384 1 1
144 53 0.690613 1 1
144 57 0.672136 1 1
144 67 0.680728 1 1
144 161 0.675655 1 1
144 105 0.681167 1 1
144 153 0.669676 1 1
144 17 0.66582 1 1
144 121 0.663844 1 1
144 96 0.66265 1 4
145 31 0.625324 2 4
145 33 0.314889 2 1
145 37 0.310274 2 5
145 45 0.632457 2 2
145 55 0.310745 2 2
145 162 0.619568 2 6
145 68 0.643974 2 2
145 99 0.311471 2 1
145 141 0.646376 2 2
145 153 0.309655 2 1
145 60 0.309617 2 1
145 29 0.309389 2 6
145 21 0.618546 2 6
145 140 0.308832 2 1
145 165 0.308593 2 5
146 12 0.646903 1 1
146 17 0.671459 1 1
146 101 0.685275 1 1
146 123 0.674974 1 4
146 144 0.328186 1 1
146 150 0.670913 1 1
146 154 0.323698 1 1
146 79 0.321997 1 1
146 50 0.640191 1 4
146 157 0.320254 1 1
146 96 0.319832 1 4
146 107 0.320907 1 1
146 122 0.32104 1 4
146 99 0.318983 1 1
146 100 0.31871 1 1
147 24 0.665996 5 5
147 36 0.322204 5 5
147 112 0.649914 5 5
147 129 0.67604 5 5
147 91 0.641271 5 5
147 156 0.641198 5 5
147 58 0.314239 5 5
147 164 0.314056 5 5
147 111 0.313321 5 5
147 46 0.317661 5 5
147 4 0.640758 5 5
147 148 0.313471 5 5
147 155 0.312568 5 5
147 127 0.312319 5 5
147 94 0.3123 5 5
148 3 0.673564 5 5
148 10 0.645712 5 5
148 35 0.662494 5 5
148 36 0.653419 5 5
148 41 0.654026 5 1
148 58 0.647148 5 5
148 94 0.78491 5 5
148 112 0.75755 5 5
148 127 0.651182 5 5
148 155 0.667402 5 5
148 156 0.675862 5 5
148 158 0.732304 5 5
148 164 0.681707 5 5
148 165 0.647424 5 5
148 90 0.645564 5 5
149 87 0.776059 5 5
149 24 0.307912 5 5
149 37 0.663118 5 5
149 56 0.307397 5 1
149 110 0.772066 5 5
149 126 0.640973 5 5
149 128 0.640973 5 5
149 132 0.308424 5 1
149 159 0.613387 5 5
149 23 0.306638 5 5
149 58 0.305558 5 5
149 49 0.305457 5 1
149 16 0.305212 5 1
149 139 0.609326 5 2
149 4 0.304211 5 5
150 123 0.742568 1 4
150 78 0.696793 1 1
150 17 0.318263 1 1
150 29 0.308105 1 6
150 39 0.308592 1 6
150 77 0.312301 1 1
150 146 0.670913 1 1
150 103 0.313964 1 1
150 140 0.307404 1 1
150 85 0.306885 1 1
150 108 0.306518 1 2
150 70 0.305157 1 1
150 19 0.306348 1 4
150 27 0.305497 1 4
150 143 0.305154 1 6
151 7 0.625216 2 2
151 16 0.308043 2 1
151 23 0.311828 2 5
151 36 0.30732 2 5
151 37 0.307601 2 5
151 39 0.65423 2 6
151 47 0.310364 2 5
151 153 0.31184 2 1
151 57 0.312095 2 1
151 142 0.307895 2 2
151 143 0.311485 2 6
151 56 0.307173 2 1
151 29 0.306849 2 6
151 55 0.306807 2 2
151 160 0.613598 2 3
152 14 0.66416 6 6
152 29 0.635539 6 6
152 49 0.323408 6 1
152 51 0.648782 6 6
152 52 0.312927 6 1
152 57 0.312221 6 1
152 60 0.67957 6 1
152 162 0.626219 6 6
152 77 0.643519 6 1
152 99 0.31109 6 1
152 107 0.311035 6 1
152 143 0.312112 6 6
152 69 0.310758 6 1
152 131 0.310696 6 1
152 62 0.308536 6 5
153 0 0.664578 1 1
153 33 0.670298 1 1
153 49 0.679116 1 1
153 54 0.659823 1 1
153 57 0.677463 1 1
153 144 0.669676 1 1
153 154 0.674515 1 1
153 99 0.706885 1 1
153 106 0.664039 1 1
153 117 0.702169 1 1
153 132 0.66908 1 1
153 79 0.659821 1 1
153 64 0.655445 1 1
153 69 0.653643 1 1
153 25 0.653551 1 1
154 157 0.839047 1 1
154 79 0.729425 1 1
154 0 0.714184 1 1
154 106 0.713584 1 1
154 104 0.706498 1 1
154 28 0.705408 1 1
154 12 0.698916 1 1
154 19 0.678849 1 4
154 105 0.693261 1 1
154 144 0.69193 1 1
154 44 0.676885 1 1
154 122 0.675375 1 4
154 153 0.674515 1 1
154 72 0.671687 1 1
154 107 0.670584 1 1
155 167 0.698467 5 5
155 36 0.693455 5 5
155 127 0.696928 5 5
155 156 0.689471 5 5
155 35 0.670121 5 5
155 9 0.680429 5 5
155 80 0.688565 5 5
155 148 0.667402 5 5
155 129 0.671089 5 5
155 92 0.667388 5 5
155 164 0.660225 5 5
155 94 0.654334 5 5
155 111 0.659561 5 5
155 115 0.661826 5 5
155 112 0.648547 5 5
156 35 0.681713 5 5
156 155 0.689471 5 5
156 94 0.677676 5 5
156 36 0.676598 5 5
156 58 0.670668 5 5
156 148 0.675862 5 5
156 164 0.676548 5 5
156 112 0.668364 5 5
156 23 0.644681 5 5
156 80 0.652707 5 5
156 10 0.641313 5 5
156 129 0.645638 5 5
156 147 0.641198 5 5
156 4 0.66004 5 5
156 127 0.641115 5 5
157 0 0.69753 1 1
157 12 0.714483 1 1
157 19 0.670116 1 4
157 28 0.692607 1 1
157 44 0.67055 1 1
157 79 0.737601 1 1
157 154 0.839047 1 1
157 104 0.690999 1 1
157 105 0.670853 1 1
157 106 0.730594 1 1
157 100 0.669297 1 1
157 122 0.658886 1 4
157 72 0.658472 1 1
157 161 0.656033 1 1
157 153 0.326173 1 1
158 3 0.642412 5 5
158 10 0.660656 5 5
158 23 0.31884 5 5
158 58 0.63977 5 5
158 156 0.315162 5 5
158 167 0.313591 5 5
158 94 0.729511 5 5
158 109 0.315949 5 5
158 112 0.75112 5 5
158 148 0.732304 5 5
158 164 0.312766 5 5
158 155 0.31206 5 5
158 13 0.619547 5 2
158 35 0.308832 5 5
158 41 0.308607 5 1
159 48 0.632665 5 3
159 11 0.624917 5 5
159 23 0.311706 5 5
159 30 0.614753 5 6
159 31 0.307861 5 4
159 40 0.308179 5 3
159 47 0.306766 5 5
159 153 0.308359 5 1
159 8 0.309027 5 4
159 162 0.627607 5 6
159 97 0.309385 5 4
159 136 0.306061 5 5
159 140 0.306376 5 1
159 149 0.613387 5 5
159 73 0.305832 5 3
160 40 0.690249 3 3
160 48 0.671703 3 3
160 65 0.658037 3 3
160 71 0.663616 3 3
160 74 0.703813 3 3
160 75 0.659226 3 3
160 82 0.64135 3 3
160 18 0.628766 3 2
160 54 0.31684 3 1
160 153 0.314034 3 1
160 39 0.62051 3 6
160 23 0.307773 3 5
160 118 0.616446 3 3
160 135 0.619812 3 2
160 151 0.613598 3 2
161 44 0.722184 1 1
161 100 0.698341 1 1
161 144 0.675655 1 1
161 105 0.669208 1 1
161 130 0.682314 1 1
161 154 0.333438 1 1
161 0 0.657124 1 1
161 15 0.660361 1 1
161 157 0.656033 1 1
161 25 0.662506 1 1
161 107 0.660552 1 1
161 104 0.652831 1 1
161 19 0.650856 1 4
161 57 0.324012 1 1
161 17 0.643884 1 1
162 29 0.629182 6 6
162 51 0.641439 6 6
162 57 0.314826 6 1
162 70 0.313266 6 1
162 159 0.627607 6 5
162 99 0.314789 6 1
162 113 0.629473 6 4
162 152 0.626219 6 6
162 95 0.62401 6 2
162 31 0.621561 6 4
162 145 0.619568 6 2
162 143 0.309452 6 6
162 107 0.309298 6 1
162 39 0.308921 6 6
162 30 0.617795 6 6
163 8 0.652672 4 4
163 14 0.309881 4 6
163 24 0.648603 4 5
163 27 0.31117 4 4
163 29 0.627006 4 6
163 31 0.631725 4 4
163 39 0.621673 4 6
163 49 0.310261 4 1
163 98 0.629511 4 4
163 144 0.312211 4 1
163 59 0.702646 4 4
163 85 0.31159 4 1
163 96 0.318998 4 4
163 97 0.310237 4 4
163 50 0.309276 4 4
164 4 0.704833 5 5
164 35 0.675803 5 5
164 36 0.681927 5 5
164 58 0.674268 5 5
164 81 0.692225 5 5
164 91 0.679593 5 5
164 94 0.663548 5 5
164 109 0.663429 5 5
164 112 0.660321 5 5
164 127 0.649644 5 5
164 148 0.681707 5 5
164 155 0.660225 5 5
164 156 0.676548 5 5
164 165 0.651638 5 5
164 90 0.64843 5 5
165 46 0.653317 5 5
165 47 0.674022 5 5
165 90 0.728713 5 5
165 164 0.651638 5 5
165 36 0.649178 5 5
165 11 0.646784 5 5
165 23 0.649832 5 5
165 148 0.647424 5 5
165 94 0.646536 5 5
165 112 0.322363 5 5
165 58 0.643407 5 5
165 125 0.641764 5 5
165 109 0.317762 5 5
165 73 0.637736 5 3
165 81 0.634601 5 5
166 88 0.71506 5 5
166 3 0.636856 5 5
166 5 0.628246 5 5
166 9 0.711329 5 5
166 24 0.628973 5 5
166 41 0.675269 5 1
166 61 0.652917 5 5
166 62 0.641931 5 5
166 116 0.662925 5 5
166 167 0.636131 5 5
166 91 0.670945 5 5
166 109 0.664097 5 5
166 111 0.675969 5 5
166 115 0.644898 5 5
166 120 0.622346 5 5
167 3 0.653703 5 5
167 9 0.701909 5 5
167 24 0.648043 5 5
167 36 0.319292 5 5
167 88 0.641298 5 5
167 91 0.318406 5 5
167 111 0.675966 5 5
167 112 0.658337 5 5
167 115 0.694207 5 5
167 120 0.641775 5 5
167 127 0.640871 5 5
167 155 0.698467 5 5
167 166 0.636131 5 5
167 61 0.632156 5 5
167 129 0.630892 5 5
168 79 0.651707 3 1
168 106 0.646637 3 1
168 97 0.634348 3 4
168 73 0.630662 3 3
168 146 0.317059 3 1
168 99 0.314848 3 1
168 65 0.627845 3 3
168 50 0.628571 3 4
168 28 0.313905 3 1
168 96 0.313045 3 4
168 72 0.312063 3 1
168 52 0.312926 3 1
168 122 0.309494 3 4
168 107 0.308589 3 1
168 144 0.307949 3 1
