0 12 0.701391 1 1
0 15 0.72875 1 1
0 79 0.72993 1 1
0 100 0.705578 1 1
0 101 0.747032 1 1
0 106 0.717579 1 1
0 117 0.710079 1 1
0 153 0.698051 1 1
0 154 0.696635 1 1
0 157 0.704922 1 1
0 84 0.683618 1 1
0 122 0.669903 1 4
0 144 0.682875 1 1
0 96 0.669827 1 4
0 64 0.334827 1 1
1 30 0.641447 6 6
1 38 0.742847 6 6
1 84 0.311398 6 1
1 14 0.613207 6 6
1 45 0.307921 6 2
1 51 0.307905 6 6
1 69 0.308127 6 1
1 134 0.309167 6 6
1 141 0.308591 6 2
1 143 0.310466 6 6
1 85 0.306481 6 1
1 131 0.306319 6 1
1 130 0.305969 6 1
1 162 0.305909 6 6
1 57 0.305474 6 1
2 7 0.884123 2 2
2 18 0.615468 2 2
2 20 0.304238 2 4
2 31 0.304489 2 4
2 39 0.305149 2 6
2 47 0.304664 2 5
2 68 0.306055 2 2
2 89 0.615186 2 2
2 112 0.303298 2 5
2 119 0.305177 2 2
2 135 0.631369 2 2
2 142 0.303416 2 2
2 164 0.303199 2 5
2 151 0.303127 2 2
2 16 0.302305 2 1
3 41 0.636416 5 1
3 61 0.654163 5 5
3 167 0.635902 5 5
3 94 0.675831 5 5
3 164 0.31792 5 5
3 158 0.68411 5 5
3 112 0.651572 5 5
3 127 0.324302 5 5
3 139 0.668354 5 2
3 148 0.671027 5 5
3 109 0.633894 5 5
3 24 0.631424 5 5
3 27 0.315474 5 4
3 166 0.630248 5 5
3 129 0.314475 5 5
4 35 0.700457 5 5
4 58 0.681589 5 5
4 80 0.681504 5 5
4 81 0.698078 5 5
4 156 0.684037 5 5
4 164 0.716229 5 5
4 94 0.672921 5 5
4 43 0.67266 5 5
4 66 0.664726 5 5
4 147 0.665417 5 5
4 148 0.664269 5 5
4 127 0.67034 5 5
4 129 0.658059 5 5
4 155 0.656585 5 5
4 126 0.651431 5 5
5 9 0.652434 5 5
5 91 0.645555 5 5
5 109 0.64159 5 5
5 111 0.657525 5 5
5 115 0.652434 5 5
5 135 0.644577 5 2
5 88 0.637271 5 5
5 61 0.314074 5 5
5 80 0.317143 5 5
5 127 0.313729 5 5
5 166 0.626626 5 5
5 62 0.312656 5 5
5 36 0.311357 5 5
5 112 0.311352 5 5
5 46 0.621905 5 5
6 25 0.656309 1 1
6 32 0.328008 1 1
6 44 0.321361 1 1
6 62 0.32027 1 5
6 67 0.639656 1 1
6 107 0.323909 1 1
6 144 0.32487 1 1
6 146 0.319889 1 1
6 85 0.319564 1 1
6 72 0.319359 1 1
6 161 0.318709 1 1
6 141 0.635783 1 2
6 131 0.316769 1 1
6 77 0.632211 1 1
6 132 0.316003 1 1
7 2 0.884123 2 2
7 13 0.616523 2 2
7 18 0.611568 2 2
7 20 0.306481 2 4
7 26 0.619488 2 2
7 47 0.310555 2 5
7 55 0.625028 2 2
7 68 0.62481 2 2
7 89 0.63615 2 2
7 95 0.616609 2 2
7 119 0.615883 2 2
7 135 0.642467 2 2
7 151 0.633991 2 2
7 83 0.611201 2 4
7 114 0.305168 2 2
8 163 0.674356 4 4
8 20 0.62866 4 4
8 27 0.646199 4 4
8 31 0.63179 4 4
8 39 0.633179 4 6
8 50 0.636238 4 4
8 139 0.637207 4 2
8 17 0.313457 4 1
8 96 0.664957 4 4
8 97 0.627156 4 4
8 98 0.646233 4 4
8 121 0.652751 4 1
8 122 0.319338 4 4
8 151 0.626173 4 2
8 72 0.312304 4 1
9 115 1 5 5
9 111 0.77377 5 5
9 88 0.676091 5 5
9 91 0.683869 5 5
9 167 0.68364 5 5
9 127 0.695124 5 5
9 155 0.698006 5 5
9 112 0.67285 5 5
9 61 0.665069 5 5
9 129 0.659865 5 5
9 5 0.652434 5 5
9 62 0.656485 5 5
9 166 0.65809 5 5
9 147 0.32393 5 5
9 109 0.64746 5 5
10 35 0.724645 5 5
10 36 0.318627 5 5
10 43 0.319661 5 5
10 58 0.647495 5 5
10 112 0.316531 5 5
10 164 0.319255 5 5
10 120 0.641254 5 5
10 147 0.658432 5 5
10 156 0.317498 5 5
10 158 0.650762 5 5
10 116 0.632141 5 5
10 126 0.315807 5 5
10 127 0.315377 5 5
10 94 0.314876 5 5
10 4 0.314636 5 5
11 165 0.652415 5 5
11 90 0.646426 5 5
11 126 0.644488 5 5
11 156 0.321786 5 5
11 4 0.320729 5 5
11 80 0.316758 5 5
11 164 0.319612 5 5
11 148 0.317512 5 5
11 125 0.315562 5 5
11 22 0.627391 5 2
11 81 0.312839 5 5
11 37 0.312055 5 5
11 128 0.312532 5 5
11 43 0.310845 5 5
11 129 0.310623 5 5
12 0 0.701391 1 1
12 79 0.717893 1 1
12 157 0.72827 1 1
12 106 0.709375 1 1
12 117 0.706556 1 1
12 146 0.70912 1 1
12 154 0.718312 1 1
12 100 0.686744 1 1
12 15 0.681458 1 1
12 101 0.67392 1 1
12 44 0.679488 1 1
12 122 0.675176 1 4
12 64 0.683981 1 1
12 78 0.673768 1 1
12 28 0.672344 1 1
13 5 0.30146 2 5
13 7 0.616523 2 2
13 23 0.302447 2 5
13 37 0.303586 2 5
13 47 0.302668 2 5
13 48 0.615389 2 3
13 66 0.300259 2 5
13 68 0.299809 2 2
13 88 0.300728 2 5
13 165 0.301459 2 5
13 125 0.304662 2 5
13 135 0.303976 2 2
13 158 0.305489 2 5
13 159 0.302033 2 5
13 94 0.299667 2 5
14 30 0.630057 6 6
14 38 0.632952 6 6
14 51 0.649368 6 6
14 60 0.702599 6 1
14 152 0.674205 6 6
14 91 0.629355 6 5
14 29 0.623403 6 6
14 52 0.3095 6 1
14 164 0.308396 6 5
14 77 0.306841 6 1
14 22 0.306923 6 2
14 96 0.306659 6 4
14 1 0.613207 6 6
14 163 0.305864 6 4
14 162 0.305405 6 6
15 0 0.72875 1 1
15 12 0.681458 1 1
15 79 0.744206 1 1
15 100 0.694362 1 1
15 106 0.753187 1 1
15 84 0.337788 1 1
15 17 0.657564 1 1
15 101 0.671427 1 1
15 102 0.668894 1 1
15 103 0.673879 1 1
15 104 0.673709 1 1
15 117 0.332359 1 1
15 153 0.674901 1 1
15 157 0.328018 1 1
15 85 0.32496 1 1
16 12 0.310902 1 1
16 19 0.314468 1 4
16 45 0.318178 1 2
16 56 0.779638 1 1
16 57 0.313361 1 1
16 77 0.310977 1 1
16 121 0.317071 1 1
16 140 0.700212 1 1
16 143 0.314076 1 6
16 84 0.310746 1 1
16 17 0.309336 1 1
16 64 0.309498 1 1
16 139 0.620302 1 2
16 117 0.30954 1 1
16 68 0.309081 1 2
17 0 0.329144 1 1
17 12 0.329629 1 1
17 15 0.657564 1 1
17 27 0.662046 1 4
17 78 0.696575 1 1
17 96 0.660401 1 4
17 101 0.662102 1 1
17 117 0.335628 1 1
17 84 0.325836 1 1
17 138 0.650524 1 1
17 103 0.648687 1 1
17 153 0.64834 1 1
17 57 0.323748 1 1
17 122 0.323307 1 4
17 161 0.323194 1 1
18 2 0.615468 2 2
18 7 0.611568 2 2
18 20 0.30979 2 4
18 31 0.307315 2 4
18 47 0.30979 2 5
18 55 0.63259 2 2
18 69 0.62426 2 1
18 167 0.307119 2 5
18 119 0.700777 2 2
18 133 0.643487 2 1
18 135 0.306994 2 2
18 76 0.610258 2 2
18 95 0.304824 2 2
18 43 0.304194 2 5
18 72 0.304169 2 1
19 32 0.672797 4 1
19 44 0.326756 4 1
19 53 0.656625 4 1
19 67 0.641475 4 1
19 72 0.661631 4 1
19 157 0.324093 4 1
19 161 0.319937 4 1
19 105 0.326515 4 1
19 107 0.664199 4 1
19 121 0.722768 4 1
19 146 0.334174 4 1
19 79 0.319629 4 1
19 25 0.318633 4 1
19 100 0.31832 4 1
19 117 0.317721 4 1
20 8 0.62866 4 4
20 31 0.715284 4 4
20 50 0.723946 4 4
20 106 0.315805 4 1
20 161 0.313969 4 1
20 62 0.313441 4 5
20 154 0.313241 4 1
20 121 0.313035 4 1
20 157 0.31267 4 1
20 109 0.311933 4 5
20 107 0.311786 4 1
20 79 0.311569 4 1
20 159 0.622165 4 5
20 0 0.310775 4 1
20 101 0.310712 4 1
21 29 0.654268 6 6
21 143 0.694519 6 6
21 84 0.321677 6 1
21 69 0.638624 6 1
21 0 0.31435 6 1
21 30 0.630331 6 6
21 39 0.626091 6 6
21 41 0.312327 6 1
21 66 0.314647 6 5
21 15 0.318243 6 1
21 100 0.316529 6 1
21 103 0.315595 6 1
21 106 0.311997 6 1
21 71 0.311887 6 3
21 153 0.311844 6 1
22 0 0.32286 2 1
22 33 0.319923 2 1
22 89 0.638909 2 2
22 165 0.635969 2 5
22 114 0.632918 2 2
22 125 0.317708 2 5
22 126 0.315674 2 5
22 156 0.315517 2 5
22 90 0.630786 2 5
22 11 0.627391 2 5
22 6 0.314172 2 1
22 60 0.627609 2 1
22 153 0.315302 2 1
22 77 0.630109 2 1
22 96 0.313465 2 4
23 55 0.623709 5 2
23 60 0.630972 5 1
23 68 0.628615 5 2
23 97 0.624725 5 4
23 120 0.643422 5 5
23 159 0.653674 5 5
23 165 0.311979 5 5
23 87 0.62339 5 5
23 69 0.31135 5 1
23 163 0.311089 5 4
23 149 0.621971 5 5
23 116 0.622236 5 5
23 27 0.310385 5 4
23 142 0.620613 5 2
23 45 0.310253 5 2
24 147 0.663104 5 5
24 158 0.317333 5 5
24 115 0.317264 5 5
24 69 0.623566 5 1
24 167 0.630777 5 5
24 112 0.315091 5 5
24 163 0.633865 5 4
24 59 0.313853 5 4
24 127 0.313223 5 5
24 129 0.311703 5 5
24 133 0.623559 5 1
24 3 0.631424 5 5
24 9 0.317264 5 5
24 120 0.310733 5 5
24 156 0.310323 5 5
25 6 0.656309 1 1
25 32 0.325342 1 1
25 44 0.32233 1 1
25 53 0.645365 1 1
25 72 0.659783 1 1
25 100 0.33047 1 1
25 105 0.326666 1 1
25 107 0.67795 1 1
25 117 0.335534 1 1
25 130 0.672518 1 1
25 144 0.725321 1 1
25 146 0.332671 1 1
25 99 0.64447 1 1
25 79 0.321425 1 1
25 60 0.639354 1 1
26 0 0.31261 2 1
26 15 0.316404 2 1
26 45 0.640344 2 2
26 47 0.311737 2 5
26 95 0.644524 2 2
26 119 0.627419 2 2
26 68 0.31158 2 2
26 163 0.310351 2 4
26 7 0.619488 2 2
26 109 0.309258 2 5
26 116 0.620053 2 5
26 62 0.308955 2 5
26 20 0.30875 2 4
26 52 0.308771 2 1
26 55 0.616542 2 2
27 96 0.757821 4 4
27 78 0.749598 4 1
27 8 0.646199 4 4
27 17 0.662046 4 1
27 32 0.322839 4 1
27 63 0.662992 4 4
27 139 0.686605 4 2
27 98 0.692075 4 4
27 117 0.337272 4 1
27 122 0.684842 4 4
27 72 0.322819 4 1
27 150 0.645258 4 1
27 100 0.321964 4 1
27 59 0.642912 4 4
27 12 0.321429 4 1
28 0 0.328121 1 1
28 12 0.672344 1 1
28 32 0.32181 1 1
28 44 0.332045 1 1
28 78 0.322058 1 1
28 79 0.328267 1 1
28 157 0.66719 1 1
28 161 0.323647 1 1
28 117 0.330838 1 1
28 122 0.32216 1 4
28 146 0.335343 1 1
28 154 0.663878 1 1
28 100 0.321353 1 1
28 15 0.320668 1 1
28 17 0.320442 1 1
29 14 0.623403 6 6
29 21 0.654268 6 6
29 30 0.31216 6 6
29 38 0.61813 6 6
29 39 0.635877 6 6
29 51 0.659188 6 6
29 60 0.637206 6 1
29 103 0.319235 6 1
29 104 0.306743 6 1
29 143 0.305508 6 6
29 152 0.627236 6 6
29 162 0.634877 6 6
29 78 0.305094 6 1
29 121 0.304828 6 1
29 113 0.304826 6 4
30 1 0.641447 6 6
30 51 0.649257 6 6
30 60 0.637515 6 1
30 79 0.31958 6 1
30 84 0.31771 6 1
30 14 0.630057 6 6
30 21 0.630331 6 6
30 38 0.635017 6 6
30 100 0.317517 6 1
30 106 0.313932 6 1
30 162 0.630923 6 6
30 85 0.313293 6 1
30 78 0.312992 6 1
30 64 0.312302 6 1
30 130 0.31219 6 1
31 8 0.63179 4 4
31 20 0.715284 4 4
31 27 0.319537 4 4
31 50 0.707389 4 4
31 59 0.313324 4 4
31 96 0.314565 4 4
31 122 0.320298 4 4
31 123 0.638211 4 4
31 93 0.312374 4 4
31 162 0.624628 4 6
31 107 0.310688 4 1
31 33 0.310653 4 1
31 163 0.310346 4 4
31 139 0.619617 4 2
31 45 0.309421 4 2
32 44 0.710132 1 1
32 117 0.701693 1 1
32 146 0.737199 1 1
32 161 0.683601 1 1
32 105 0.680315 1 1
32 100 0.339282 1 1
32 72 0.675765 1 1
32 121 0.678492 1 1
32 107 0.673229 1 1
32 79 0.672989 1 1
32 157 0.672756 1 1
32 19 0.672797 1 4
32 53 0.667151 1 1
32 122 0.67093 1 4
32 154 0.662538 1 1
33 84 0.703286 1 1
33 57 0.670552 1 1
33 64 0.684694 1 1
33 131 0.659818 1 1
33 85 0.657342 1 1
33 86 0.655976 1 1
33 143 0.655448 1 6
33 77 0.645692 1 1
33 79 0.320922 1 1
33 0 0.324997 1 1
33 34 0.64463 1 1
33 60 0.643825 1 1
33 117 0.326148 1 1
33 132 0.321054 1 1
33 101 0.32029 1 1
34 57 0.673821 1 1
34 64 0.690559 1 1
34 84 0.331752 1 1
34 33 0.64463 1 1
34 45 0.663314 1 2
34 161 0.32213 1 1
34 138 0.657837 1 1
34 130 0.322715 1 1
34 131 0.654226 1 1
34 102 0.641992 1 1
34 104 0.31936 1 1
34 105 0.320735 1 1
34 68 0.639725 1 2
34 100 0.319501 1 1
34 0 0.319104 1 1
35 4 0.700457 5 5
35 10 0.724645 5 5
35 43 0.702706 5 5
35 80 0.673114 5 5
35 94 0.67247 5 5
35 156 0.672055 5 5
35 129 0.666158 5 5
35 147 0.666608 5 5
35 164 0.658597 5 5
35 120 0.655317 5 5
35 127 0.328451 5 5
35 81 0.654181 5 5
35 36 0.65743 5 5
35 58 0.653895 5 5
35 148 0.650661 5 5
36 4 0.325364 5 5
36 35 0.65743 5 5
36 43 0.682844 5 5
36 46 0.731061 5 5
36 66 0.646805 5 5
36 80 0.798657 5 5
36 127 0.32335 5 5
36 129 0.326718 5 5
36 147 0.676748 5 5
36 148 0.324248 5 5
36 155 0.669823 5 5
36 156 0.664161 5 5
36 164 0.65721 5 5
36 94 0.646568 5 5
36 81 0.643908 5 5
37 43 0.318603 5 5
37 47 0.644778 5 5
37 66 0.635666 5 5
37 87 0.663875 5 5
37 110 0.665723 5 5
37 125 0.652084 5 5
37 126 0.770177 5 5
37 127 0.316609 5 5
37 128 0.77722 5 5
37 129 0.320635 5 5
37 149 0.697211 5 5
37 166 0.631729 5 5
37 120 0.315402 5 5
37 4 0.314528 5 5
37 159 0.627667 5 5
38 1 0.742847 6 6
38 14 0.632952 6 6
38 21 0.306412 6 6
38 29 0.61813 6 6
38 30 0.635017 6 6
38 51 0.629205 6 6
38 52 0.632949 6 1
38 69 0.640727 6 1
38 143 0.306173 6 6
38 162 0.305864 6 6
38 84 0.305367 6 1
38 39 0.304952 6 6
38 57 0.305043 6 1
38 132 0.304667 6 1
38 152 0.304634 6 6
39 8 0.633179 6 4
39 21 0.626091 6 6
39 29 0.635877 6 6
39 50 0.314338 6 4
39 65 0.650078 6 3
39 69 0.647693 6 1
39 75 0.640683 6 3
39 143 0.32429 6 6
39 163 0.639289 6 4
39 105 0.312087 6 1
39 109 0.632501 6 5
39 121 0.315404 6 1
39 122 0.312755 6 4
39 133 0.625005 6 1
39 83 0.624136 6 4
40 48 0.777403 3 3
40 74 0.669551 3 3
40 0 0.314614 3 1
40 57 0.31058 3 1
40 65 0.648765 3 3
40 71 0.315629 3 3
40 73 0.624221 3 3
40 82 0.631252 3 3
40 117 0.309649 3 1
40 141 0.623185 3 2
40 153 0.310235 3 1
40 160 0.644211 3 3
40 79 0.309062 3 1
40 17 0.30866 3 1
40 165 0.308656 3 5
41 9 0.323096 1 5
41 62 0.657639 1 5
41 94 0.677068 1 5
41 100 0.325811 1 1
41 115 0.323096 1 5
41 130 0.323976 1 1
41 131 0.323589 1 1
41 148 0.653666 1 5
41 158 0.648009 1 5
41 111 0.646034 1 5
41 3 0.636416 1 5
41 166 0.635466 1 5
41 54 0.632684 1 1
41 161 0.321296 1 1
41 88 0.316309 1 5
42 86 0.660538 1 1
42 117 0.327657 1 1
42 132 0.679272 1 1
42 84 0.323957 1 1
42 27 0.31437 1 4
42 50 0.315629 1 4
42 57 0.317514 1 1
42 64 0.323028 1 1
42 161 0.315219 1 1
42 146 0.315741 1 1
42 122 0.315703 1 4
42 130 0.315361 1 1
42 143 0.316397 1 6
42 105 0.31388 1 1
42 133 0.627084 1 1
43 4 0.67266 5 5
43 35 0.702706 5 5
43 36 0.682844 5 5
43 80 0.700857 5 5
43 81 0.672178 5 5
43 120 0.6715 5 5
43 127 0.33226 5 5
43 129 0.665279 5 5
43 147 0.664023 5 5
43 148 0.660037 5 5
43 155 0.675827 5 5
43 156 0.681884 5 5
43 126 0.656925 5 5
43 164 0.653451 5 5
43 58 0.651391 5 5
44 32 0.710132 1 1
44 161 0.761379 1 1
44 117 0.688644 1 1
44 146 0.751404 1 1
44 100 0.342173 1 1
44 72 0.679714 1 1
44 79 0.333592 1 1
44 105 0.675623 1 1
44 107 0.681848 1 1
44 157 0.683699 1 1
44 144 0.672843 1 1
44 12 0.679488 1 1
44 154 0.668767 1 1
44 130 0.665811 1 1
44 53 0.665515 1 1
45 68 0.77486 2 2
45 84 0.338737 2 1
45 34 0.663314 2 1
45 55 0.658981 2 2
45 57 0.663191 2 1
45 0 0.331356 2 1
45 130 0.324375 2 1
45 141 0.66698 2 2
45 85 0.323499 2 1
45 26 0.640344 2 2
45 62 0.646667 2 5
45 64 0.321458 2 1
45 142 0.640138 2 2
45 161 0.319746 2 1
45 131 0.319593 2 1
46 36 0.731061 5 5
46 80 0.694757 5 5
46 10 0.310744 5 5
46 26 0.304673 5 2
46 0 0.307524 5 1
46 61 0.306572 5 5
46 66 0.632883 5 5
46 79 0.306555 5 1
46 147 0.3099 5 5
46 5 0.621905 5 5
46 112 0.307507 5 5
46 136 0.643487 5 5
46 165 0.304599 5 5
46 120 0.30303 5 5
46 109 0.30236 5 5
47 37 0.644778 5 5
47 76 0.643174 5 2
47 119 0.646588 5 2
47 125 0.688608 5 5
47 126 0.6611 5 5
47 128 0.647753 5 5
47 129 0.321213 5 5
47 90 0.640976 5 5
47 43 0.315156 5 5
47 55 0.625679 5 2
47 58 0.636987 5 5
47 66 0.634854 5 5
47 68 0.63843 5 2
47 156 0.313209 5 5
47 142 0.625394 5 2
48 0 0.309918 3 1
48 39 0.30941 3 6
48 40 0.777403 3 3
48 65 0.657027 3 3
48 71 0.645861 3 3
48 74 0.664536 3 3
48 160 0.65786 3 3
48 82 0.635863 3 3
48 114 0.617649 3 2
48 141 0.62711 3 2
48 142 0.308255 3 2
48 153 0.308587 3 1
48 75 0.307788 3 3
48 79 0.307709 3 1
48 13 0.615389 3 2
49 57 0.323471 1 1
49 63 0.650048 1 4
49 70 0.640553 1 1
49 85 0.323854 1 1
49 100 0.325761 1 1
49 117 0.335063 1 1
49 131 0.325364 1 1
49 132 0.716043 1 1
49 143 0.321689 1 6
49 144 0.322631 1 1
49 84 0.31885 1 1
49 33 0.318032 1 1
49 0 0.317772 1 1
49 78 0.317636 1 1
49 77 0.634522 1 1
50 0 0.328301 4 1
50 8 0.636238 4 4
50 15 0.323238 4 1
50 20 0.723946 4 4
50 31 0.707389 4 4
50 79 0.316713 4 1
50 163 0.634472 4 4
50 99 0.685875 4 1
50 100 0.316255 4 1
50 101 0.322276 4 1
50 106 0.318507 4 1
50 107 0.319759 4 1
50 122 0.31881 4 4
50 96 0.316198 4 4
50 168 0.632235 4 3
51 14 0.649368 6 6
51 29 0.659188 6 6
51 30 0.649257 6 6
51 38 0.629205 6 6
51 60 0.663846 6 1
51 78 0.311854 6 1
51 79 0.313983 6 1
51 103 0.313713 6 1
51 130 0.314698 6 1
51 131 0.31414 6 1
51 142 0.623985 6 2
51 152 0.643878 6 6
51 162 0.697578 6 6
51 84 0.311012 6 1
51 100 0.310024 6 1
52 84 0.32109 1 1
52 32 0.313257 1 1
52 38 0.632949 1 6
52 41 0.312271 1 1
52 100 0.316834 1 1
52 121 0.638481 1 1
52 132 0.319523 1 1
52 143 0.317955 1 6
52 161 0.315938 1 1
52 168 0.311799 1 3
52 97 0.623422 1 4
52 6 0.3109 1 1
52 144 0.310732 1 1
52 131 0.310248 1 1
52 72 0.310188 1 1
53 32 0.667151 1 1
53 44 0.665515 1 1
53 67 0.726347 1 1
53 72 0.690192 1 1
53 100 0.331727 1 1
53 105 0.673911 1 1
53 107 0.777139 1 1
53 144 0.685875 1 1
53 146 0.690181 1 1
53 79 0.328526 1 1
53 19 0.656625 1 4
53 157 0.327494 1 1
53 117 0.326387 1 1
53 25 0.645365 1 1
53 59 0.64481 1 4
54 85 0.651877 1 1
54 100 0.326161 1 1
54 130 0.65945 1 1
54 131 0.671504 1 1
54 84 0.323553 1 1
54 33 0.317126 1 1
54 41 0.632684 1 1
54 53 0.318897 1 1
54 64 0.316607 1 1
54 107 0.319158 1 1
54 132 0.319157 1 1
54 133 0.637154 1 1
54 143 0.320842 1 6
54 79 0.316194 1 1
54 56 0.631952 1 1
55 7 0.625028 2 2
55 18 0.63259 2 2
55 23 0.623709 2 5
55 45 0.658981 2 2
55 47 0.625679 2 5
55 61 0.313535 2 5
55 68 0.67255 2 2
55 127 0.315959 2 5
55 141 0.632757 2 2
55 163 0.310038 2 4
55 26 0.616542 2 2
55 126 0.309712 2 5
55 129 0.308704 2 5
55 112 0.308214 2 5
55 76 0.615778 2 2
56 12 0.319476 1 1
56 16 0.779638 1 1
56 28 0.315832 1 1
56 32 0.315567 1 1
56 44 0.325483 1 1
56 54 0.631952 1 1
56 57 0.317684 1 1
56 64 0.320322 1 1
56 117 0.315591 1 1
56 140 0.712936 1 1
56 84 0.315326 1 1
56 78 0.315177 1 1
56 161 0.314842 1 1
56 130 0.314808 1 1
56 146 0.31475 1 1
57 64 0.740974 1 1
57 132 0.745233 1 1
57 84 0.720367 1 1
57 33 0.670552 1 1
57 34 0.673821 1 1
57 45 0.663191 1 2
57 0 0.333528 1 1
57 85 0.675911 1 1
57 117 0.341918 1 1
57 131 0.670389 1 1
57 138 0.702196 1 1
57 144 0.664859 1 1
57 146 0.329974 1 1
57 161 0.670443 1 1
57 86 0.65898 1 1
58 4 0.681589 5 5
58 10 0.647495 5 5
58 35 0.653895 5 5
58 43 0.651391 5 5
58 62 0.64258 5 5
58 158 0.64248 5 5
58 164 0.322044 5 5
58 120 0.643511 5 5
58 156 0.321723 5 5
58 94 0.318988 5 5
58 81 0.637746 5 5
58 47 0.636987 5 5
58 127 0.318468 5 5
58 80 0.316403 5 5
58 126 0.316242 5 5
59 163 0.66299 4 4
59 72 0.658515 4 1
59 27 0.642912 4 4
59 32 0.322661 4 1
59 53 0.64481 4 1
59 100 0.323133 4 1
59 107 0.324098 4 1
59 117 0.327161 4 1
59 122 0.324704 4 4
59 146 0.322491 4 1
59 78 0.320926 4 1
59 67 0.31857 4 1
59 79 0.31755 4 1
59 105 0.316005 4 1
59 144 0.31483 4 1
60 14 0.702599 1 6
60 51 0.663846 1 6
60 152 0.710432 1 6
60 84 0.325881 1 1
60 25 0.639354 1 1
60 33 0.643825 1 1
60 77 0.643513 1 1
60 30 0.637515 1 6
60 29 0.637206 1 6
60 144 0.318557 1 1
60 57 0.317249 1 1
60 85 0.316825 1 1
60 23 0.630972 1 5
60 15 0.314291 1 1
60 22 0.627609 1 2
61 88 0.840461 5 5
61 127 0.696382 5 5
61 91 0.66939 5 5
61 9 0.665069 5 5
61 62 0.643648 5 5
61 166 0.664349 5 5
61 109 0.651431 5 5
61 158 0.65209 5 5
61 115 0.665069 5 5
61 3 0.654163 5 5
61 129 0.32219 5 5
61 111 0.643091 5 5
61 112 0.319675 5 5
61 167 0.636366 5 5
61 155 0.317581 5 5
62 9 0.656485 5 5
62 41 0.657639 5 1
62 45 0.646667 5 2
62 57 0.321656 5 1
62 58 0.64258 5 5
62 61 0.643648 5 5
62 64 0.322321 5 1
62 88 0.646885 5 5
62 91 0.646555 5 5
62 111 0.650963 5 5
62 115 0.656485 5 5
62 127 0.321795 5 5
62 161 0.661658 5 1
62 84 0.321277 5 1
62 130 0.321077 5 1
63 27 0.662992 4 4
63 70 0.681648 4 1
63 96 0.671852 4 4
63 113 0.680326 4 4
63 75 0.662151 4 3
63 49 0.650048 4 1
63 78 0.324934 4 1
63 98 0.63096 4 4
63 117 0.320125 4 1
63 93 0.628684 4 4
63 150 0.618462 4 1
63 0 0.310316 4 1
63 42 0.311797 4 1
63 15 0.308635 4 1
63 163 0.308286 4 4
64 57 0.740974 1 1
64 84 0.729003 1 1
64 12 0.683981 1 1
64 33 0.684694 1 1
64 34 0.690559 1 1
64 86 0.695429 1 1
64 100 0.340533 1 1
64 104 0.679601 1 1
64 105 0.688421 1 1
64 117 0.704237 1 1
64 138 0.727186 1 1
64 146 0.687737 1 1
64 161 0.678512 1 1
64 85 0.676014 1 1
64 130 0.670791 1 1
65 39 0.650078 3 6
65 40 0.648765 3 3
65 48 0.657027 3 3
65 74 0.623535 3 3
65 75 0.625902 3 3
65 168 0.312939 3 3
65 119 0.625992 3 2
65 124 0.676983 3 4
65 160 0.651506 3 3
65 82 0.623464 3 3
65 163 0.310192 3 4
65 22 0.309243 3 2
65 43 0.308881 3 5
65 153 0.307506 3 1
65 56 0.307083 3 1
66 0 0.32074 5 1
66 4 0.664726 5 5
66 15 0.319034 5 1
66 36 0.646805 5 5
66 37 0.635666 5 5
66 47 0.634854 5 5
66 80 0.322922 5 5
66 81 0.668796 5 5
66 125 0.664391 5 5
66 126 0.645612 5 5
66 136 0.657009 5 5
66 84 0.316746 5 1
66 46 0.632883 5 5
66 153 0.314992 5 1
66 79 0.314745 5 1
67 32 0.329874 1 1
67 53 0.726347 1 1
67 72 0.659199 1 1
67 107 0.74119 1 1
67 131 0.665426 1 1
67 144 0.700527 1 1
67 146 0.334767 1 1
67 105 0.326376 1 1
67 19 0.641475 1 4
67 100 0.323991 1 1
67 157 0.322237 1 1
67 6 0.639656 1 1
67 44 0.325965 1 1
67 122 0.319537 1 4
67 121 0.638586 1 1
68 0 0.319534 2 1
68 34 0.639725 2 1
68 45 0.77486 2 2
68 47 0.63843 2 5
68 55 0.67255 2 2
68 57 0.321784 2 1
68 141 0.654631 2 2
68 84 0.31803 2 1
68 23 0.628615 2 5
68 62 0.312762 2 5
68 76 0.63027 2 2
68 161 0.313847 2 1
68 130 0.312727 2 1
68 145 0.628479 2 2
68 7 0.62481 2 2
69 21 0.638624 1 6
69 33 0.313827 1 1
69 38 0.640727 1 6
69 39 0.647693 1 6
69 163 0.630497 1 4
69 72 0.31969 1 1
69 102 0.315835 1 1
69 132 0.314645 1 1
69 133 0.669871 1 1
69 134 0.647926 1 6
69 143 0.690559 1 6
69 62 0.313598 1 5
69 57 0.313365 1 1
69 18 0.62426 1 2
69 24 0.623566 1 5
70 27 0.31516 1 4
70 32 0.316152 1 1
70 49 0.640553 1 1
70 63 0.681648 1 4
70 161 0.315982 1 1
70 75 0.635428 1 3
70 78 0.318022 1 1
70 93 0.62814 1 4
70 96 0.317949 1 4
70 97 0.629127 1 4
70 117 0.330005 1 1
70 72 0.313864 1 1
70 50 0.312284 1 4
70 113 0.622807 1 4
70 107 0.31114 1 1
71 100 0.340507 3 1
71 160 0.700048 3 3
71 84 0.325925 3 1
71 48 0.645861 3 3
71 79 0.324504 3 1
71 0 0.322446 3 1
71 101 0.650698 3 1
71 103 0.32034 3 1
71 104 0.650479 3 1
71 106 0.320112 3 1
71 117 0.320201 3 1
71 130 0.321288 3 1
71 85 0.318398 3 1
71 153 0.317666 3 1
71 105 0.316409 3 1
72 12 0.332224 1 1
72 32 0.675765 1 1
72 44 0.679714 1 1
72 53 0.690192 1 1
72 100 0.335742 1 1
72 105 0.68011 1 1
72 107 0.674068 1 1
72 117 0.342435 1 1
72 122 0.678674 1 4
72 146 0.708404 1 1
72 79 0.331044 1 1
72 19 0.661631 1 4
72 67 0.659199 1 1
72 25 0.659783 1 1
72 59 0.658515 1 4
73 40 0.624221 3 3
73 54 0.306346 3 1
73 74 0.654066 3 3
73 168 0.629187 3 3
73 97 0.304003 3 4
73 118 0.733206 3 3
73 131 0.306351 3 1
73 78 0.302706 3 1
73 67 0.302603 3 1
73 71 0.301975 3 3
73 72 0.302254 3 1
73 33 0.302102 3 1
73 99 0.302029 3 1
73 19 0.302419 3 4
73 85 0.301435 3 1
74 40 0.669551 3 3
74 48 0.664536 3 3
74 65 0.623535 3 3
74 71 0.311879 3 3
74 73 0.654066 3 3
74 160 0.635828 3 3
74 82 0.637997 3 3
74 96 0.31579 3 4
74 75 0.622536 3 3
74 39 0.309162 3 6
74 168 0.31053 3 3
74 11 0.308163 3 5
74 22 0.307192 3 2
74 118 0.619175 3 3
74 97 0.304955 3 4
75 33 0.316436 3 1
75 39 0.640683 3 6
75 49 0.313876 3 1
75 54 0.31199 3 1
75 63 0.662151 3 4
75 65 0.625902 3 3
75 70 0.635428 3 1
75 82 0.80204 3 3
75 96 0.321809 3 4
75 105 0.313861 3 1
75 153 0.314596 3 1
75 84 0.311843 3 1
75 74 0.622536 3 3
75 131 0.311017 3 1
75 78 0.310349 3 1
76 5 0.304246 2 5
76 18 0.610258 2 2
76 22 0.306569 2 2
76 45 0.317677 2 2
76 47 0.643174 2 5
76 55 0.615778 2 2
76 68 0.63027 2 2
76 119 0.622524 2 2
76 135 0.628016 2 2
76 139 0.304903 2 2
76 141 0.668487 2 2
76 142 0.304999 2 2
76 89 0.304058 2 2
76 31 0.302959 2 4
76 145 0.60465 2 2
77 6 0.632211 1 1
77 33 0.645692 1 1
77 49 0.634522 1 1
77 57 0.32145 1 1
77 60 0.643513 1 1
77 62 0.318324 1 5
77 72 0.317473 1 1
77 85 0.318526 1 1
77 131 0.318523 1 1
77 132 0.31558 1 1
77 151 0.658642 1 2
77 152 0.68551 1 6
77 84 0.31547 1 1
77 22 0.630109 1 2
77 161 0.312334 1 1
78 0 0.331533 1 1
78 12 0.673768 1 1
78 17 0.696575 1 1
78 27 0.749598 1 4
78 79 0.330877 1 1
78 96 0.730176 1 4
78 100 0.685391 1 1
78 103 0.673449 1 1
78 113 0.657492 1 4
78 117 0.709335 1 1
78 122 0.673398 1 4
78 146 0.330349 1 1
78 150 0.665774 1 1
78 84 0.328685 1 1
78 161 0.656917 1 1
79 0 0.72993 1 1
79 12 0.717893 1 1
79 15 0.744206 1 1
79 100 0.793466 1 1
79 101 0.703811 1 1
79 104 0.689088 1 1
79 105 0.686318 1 1
79 106 0.875221 1 1
79 117 0.708444 1 1
79 130 0.683957 1 1
79 146 0.684861 1 1
79 154 0.712415 1 1
79 157 0.725359 1 1
79 84 0.340191 1 1
79 32 0.672989 1 1
80 4 0.681504 5 5
80 35 0.673114 5 5
80 36 0.798657 5 5
80 43 0.700857 5 5
80 46 0.694757 5 5
80 120 0.676306 5 5
80 156 0.675172 5 5
80 127 0.681377 5 5
80 129 0.670966 5 5
80 147 0.666565 5 5
80 148 0.661808 5 5
80 164 0.661197 5 5
80 81 0.659303 5 5
80 155 0.65924 5 5
80 136 0.650819 5 5
81 4 0.698078 5 5
81 43 0.672178 5 5
81 66 0.668796 5 5
81 156 0.6604 5 5
81 164 0.669758 5 5
81 80 0.659303 5 5
81 35 0.654181 5 5
81 120 0.650997 5 5
81 147 0.326776 5 5
81 137 0.654552 5 5
81 148 0.322377 5 5
81 127 0.321286 5 5
81 36 0.643908 5 5
81 129 0.32084 5 5
81 58 0.637746 5 5
82 75 0.80204 3 3
82 40 0.631252 3 3
82 48 0.635863 3 3
82 65 0.623464 3 3
82 74 0.637997 3 3
82 160 0.622549 3 3
82 39 0.30841 3 6
82 153 0.307325 3 1
82 11 0.306815 3 5
82 97 0.305614 3 4
82 71 0.304719 3 3
82 22 0.303984 3 2
82 56 0.303804 3 1
82 105 0.303703 3 1
82 141 0.302977 3 2
83 20 0.309561 4 4
83 39 0.624136 4 6
83 50 0.310091 4 4
83 66 0.312797 4 5
83 163 0.310629 4 4
83 121 0.642049 4 1
83 122 0.319686 4 4
83 125 0.653645 4 5
83 143 0.315198 4 6
83 168 0.308172 4 3
83 165 0.306476 4 5
83 108 0.612913 4 2
83 98 0.305696 4 4
83 7 0.611201 4 2
83 16 0.305041 4 1
84 57 0.720367 1 1
84 64 0.729003 1 1
84 100 0.721835 1 1
84 85 0.71546 1 1
84 33 0.703286 1 1
84 0 0.683618 1 1
84 86 0.687561 1 1
84 102 0.691354 1 1
84 144 0.683632 1 1
84 117 0.692276 1 1
84 130 0.690611 1 1
84 131 0.687299 1 1
84 132 0.699432 1 1
84 143 0.68261 1 6
84 103 0.681949 1 1
85 84 0.71546 1 1
85 12 0.333109 1 1
85 57 0.675911 1 1
85 64 0.676014 1 1
85 144 0.680566 1 1
85 100 0.340453 1 1
85 117 0.335308 1 1
85 130 0.661037 1 1
85 131 0.677409 1 1
85 79 0.329491 1 1
85 33 0.657342 1 1
85 44 0.328194 1 1
85 0 0.327665 1 1
85 161 0.326718 1 1
85 54 0.651877 1 1
86 64 0.695429 1 1
86 84 0.687561 1 1
86 12 0.324842 1 1
86 33 0.655976 1 1
86 42 0.660538 1 1
86 57 0.65898 1 1
86 117 0.337203 1 1
86 132 0.321863 1 1
86 138 0.667373 1 1
86 143 0.320676 1 6
86 146 0.334978 1 1
86 154 0.320882 1 1
86 157 0.321257 1 1
86 161 0.322578 1 1
86 85 0.320148 1 1
87 37 0.663875 5 5
87 149 0.829009 5 5
87 110 0.754462 5 5
87 126 0.685626 5 5
87 128 0.684811 5 5
87 159 0.63303 5 5
87 63 0.305106 5 4
87 78 0.3049 5 1
87 23 0.62339 5 5
87 19 0.304773 5 4
87 57 0.305326 5 1
87 120 0.307813 5 5
87 43 0.304925 5 5
87 116 0.303987 5 5
87 39 0.303443 5 6
88 61 0.840461 5 5
88 127 0.695479 5 5
88 166 0.677028 5 5
88 91 0.67692 5 5
88 115 0.676091 5 5
88 62 0.646885 5 5
88 167 0.638635 5 5
88 109 0.64317 5 5
88 111 0.669121 5 5
88 112 0.319216 5 5
88 9 0.676091 5 5
88 129 0.325784 5 5
88 5 0.637271 5 5
88 156 0.317976 5 5
88 155 0.31723 5 5
89 7 0.63615 2 2
89 22 0.638909 2 2
89 27 0.310783 2 4
89 114 0.643411 2 2
89 135 0.666723 2 2
89 139 0.628706 2 2
89 96 0.310664 2 4
89 142 0.62077 2 2
89 2 0.615186 2 2
89 0 0.310324 2 1
89 156 0.309272 2 5
89 153 0.310162 2 1
89 50 0.307213 2 4
89 8 0.30653 2 4
89 151 0.305454 2 2
90 4 0.319275 5 5
90 11 0.646426 5 5
90 43 0.317634 5 5
90 47 0.640976 5 5
90 80 0.318098 5 5
90 164 0.653159 5 5
90 165 0.72846 5 5
90 125 0.655198 5 5
90 126 0.316927 5 5
90 127 0.318618 5 5
90 129 0.662818 5 5
90 156 0.658478 5 5
90 94 0.315832 5 5
90 22 0.630786 5 2
90 37 0.312618 5 5
91 9 0.683869 5 5
91 115 0.683869 5 5
91 88 0.67692 5 5
91 61 0.66939 5 5
91 62 0.646555 5 5
91 166 0.640429 5 5
91 111 0.670731 5 5
91 5 0.645555 5 5
91 127 0.332698 5 5
91 164 0.666193 5 5
91 109 0.639037 5 5
91 0 0.313097 5 1
91 112 0.319469 5 5
91 14 0.629355 5 6
91 22 0.313022 5 2
92 9 0.316295 5 5
92 167 0.643148 5 5
92 91 0.303466 5 5
92 111 0.305133 5 5
92 112 0.30247 5 5
92 115 0.316295 5 5
92 116 0.303311 5 5
92 127 0.321238 5 5
92 155 0.659626 5 5
92 156 0.302334 5 5
92 88 0.301495 5 5
92 37 0.301132 5 5
92 129 0.300589 5 5
92 43 0.298777 5 5
92 24 0.298469 5 5
93 12 0.316025 4 1
93 63 0.628684 4 4
93 70 0.62814 4 1
93 78 0.328324 4 1
93 79 0.320342 4 1
93 96 0.676962 4 4
93 100 0.316643 4 1
93 106 0.317041 4 1
93 117 0.323497 4 1
93 143 0.315154 4 6
93 161 0.313363 4 1
93 162 0.632636 4 6
93 84 0.313286 4 1
93 57 0.313091 4 1
93 132 0.312976 4 1
94 3 0.675831 5 5
94 4 0.672921 5 5
94 35 0.67247 5 5
94 41 0.677068 5 1
94 158 0.704494 5 5
94 127 0.671925 5 5
94 147 0.682102 5 5
94 148 0.748368 5 5
94 156 0.69151 5 5
94 164 0.667999 5 5
94 129 0.32583 5 5
94 155 0.662245 5 5
94 112 0.650502 5 5
94 43 0.323912 5 5
94 36 0.646568 5 5
95 7 0.616609 2 2
95 19 0.306296 2 4
95 24 0.309857 2 5
95 26 0.644524 2 2
95 47 0.309191 2 5
95 72 0.306331 2 1
95 119 0.307206 2 2
95 121 0.31005 2 1
95 124 0.641316 2 4
95 133 0.623748 2 1
95 142 0.618888 2 2
95 162 0.308655 2 6
95 163 0.308867 2 4
95 78 0.306045 2 1
95 126 0.30531 2 5
96 27 0.757821 4 4
96 78 0.730176 4 1
96 122 0.685593 4 4
96 93 0.676962 4 4
96 0 0.669827 4 1
96 63 0.671852 4 4
96 113 0.670548 4 4
96 117 0.336529 4 1
96 8 0.664957 4 4
96 139 0.667077 4 2
96 98 0.662274 4 4
96 17 0.660401 4 1
96 163 0.655054 4 4
96 97 0.651715 4 4
96 100 0.32482 4 1
97 8 0.627156 4 4
97 17 0.316424 4 1
97 23 0.624725 4 5
97 27 0.320229 4 4
97 70 0.629127 4 1
97 96 0.651715 4 4
97 98 0.644021 4 4
97 108 0.62812 4 2
97 109 0.314502 4 5
97 121 0.312876 4 1
97 138 0.312048 4 1
97 143 0.315591 4 6
97 162 0.632185 4 6
97 78 0.311959 4 1
97 52 0.623422 4 1
98 8 0.646233 4 4
98 27 0.692075 4 4
98 63 0.63096 4 4
98 78 0.32338 4 1
98 96 0.662274 4 4
98 97 0.644021 4 4
98 113 0.642491 4 4
98 122 0.323883 4 4
98 132 0.312476 4 1
98 137 0.665395 4 5
98 139 0.633999 4 2
98 168 0.311736 4 3
98 117 0.311489 4 1
98 163 0.310889 4 4
98 50 0.310487 4 4
99 0 0.322682 1 1
99 25 0.64447 1 1
99 33 0.320017 1 1
99 50 0.685875 1 4
99 117 0.319629 1 1
99 144 0.318433 1 1
99 84 0.31602 1 1
99 72 0.313678 1 1
99 161 0.31378 1 1
99 102 0.312166 1 1
99 57 0.311551 1 1
99 101 0.312029 1 1
99 163 0.31059 1 4
99 60 0.30966 1 1
99 103 0.309418 1 1
100 79 0.793466 1 1
100 106 0.763297 1 1
100 84 0.721835 1 1
100 0 0.705578 1 1
100 104 0.70033 1 1
100 105 0.72164 1 1
100 117 0.715726 1 1
100 130 0.717881 1 1
100 146 0.705634 1 1
100 161 0.700124 1 1
100 12 0.686744 1 1
100 15 0.694362 1 1
100 107 0.686927 1 1
100 144 0.68634 1 1
100 78 0.685391 1 1
101 0 0.747032 1 1
101 12 0.67392 1 1
101 79 0.703811 1 1
101 100 0.338993 1 1
101 106 0.698382 1 1
101 84 0.336197 1 1
101 15 0.671427 1 1
101 17 0.662102 1 1
101 64 0.3312 1 1
101 71 0.650698 1 3
101 103 0.656393 1 1
101 117 0.334056 1 1
101 144 0.3281 1 1
101 153 0.657111 1 1
101 78 0.325122 1 1
102 84 0.691354 1 1
102 12 0.321122 1 1
102 15 0.668894 1 1
102 34 0.641992 1 1
102 57 0.327433 1 1
102 64 0.326625 1 1
102 0 0.321495 1 1
102 100 0.329053 1 1
102 103 0.648508 1 1
102 106 0.328502 1 1
102 130 0.660866 1 1
102 131 0.666705 1 1
102 85 0.320802 1 1
102 144 0.320439 1 1
102 143 0.320272 1 6
103 84 0.681949 1 1
103 15 0.673879 1 1
103 78 0.673449 1 1
103 0 0.332156 1 1
103 100 0.340312 1 1
103 104 0.669341 1 1
103 106 0.32892 1 1
103 150 0.664804 1 1
103 153 0.666839 1 1
103 101 0.656393 1 1
103 117 0.328178 1 1
103 12 0.327022 1 1
103 79 0.325616 1 1
103 17 0.648687 1 1
103 102 0.648508 1 1
104 64 0.679601 1 1
104 79 0.689088 1 1
104 100 0.70033 1 1
104 84 0.337961 1 1
104 12 0.32595 1 1
104 15 0.673709 1 1
104 0 0.332295 1 1
104 103 0.669341 1 1
104 105 0.664854 1 1
104 106 0.66548 1 1
104 117 0.333267 1 1
104 130 0.659157 1 1
104 131 0.325252 1 1
104 71 0.650479 1 3
104 161 0.325005 1 1
105 146 0.765771 1 1
105 100 0.72164 1 1
105 32 0.680315 1 1
105 44 0.675623 1 1
105 53 0.673911 1 1
105 64 0.688421 1 1
105 72 0.68011 1 1
105 79 0.686318 1 1
105 107 0.670213 1 1
105 117 0.341783 1 1
105 122 0.665757 1 4
105 138 0.67545 1 1
105 157 0.670089 1 1
105 104 0.664854 1 1
105 12 0.330987 1 1
106 0 0.717579 1 1
106 12 0.709375 1 1
106 15 0.753187 1 1
106 79 0.875221 1 1
106 100 0.763297 1 1
106 101 0.698382 1 1
106 117 0.690563 1 1
106 157 0.679993 1 1
106 84 0.336775 1 1
106 154 0.669094 1 1
106 153 0.66828 1 1
106 104 0.66548 1 1
106 130 0.661164 1 1
106 146 0.332575 1 1
106 105 0.330392 1 1
107 25 0.67795 1 1
107 32 0.673229 1 1
107 44 0.681848 1 1
107 53 0.777139 1 1
107 67 0.74119 1 1
107 72 0.674068 1 1
107 100 0.686927 1 1
107 105 0.670213 1 1
107 117 0.338844 1 1
107 144 0.757258 1 1
107 146 0.703714 1 1
107 79 0.334565 1 1
107 19 0.664199 1 4
107 131 0.664226 1 1
107 157 0.662875 1 1
108 26 0.306987 2 2
108 45 0.308039 2 2
108 47 0.30868 2 5
108 68 0.308203 2 2
108 97 0.62812 2 4
108 121 0.309137 2 1
108 140 0.306671 2 1
108 142 0.64165 2 2
108 143 0.309292 2 6
108 162 0.306543 2 6
108 83 0.612913 2 4
108 50 0.30603 2 4
108 124 0.611955 2 4
108 57 0.305853 2 1
108 56 0.305755 2 1
109 3 0.633894 5 5
109 5 0.64159 5 5
109 9 0.64746 5 5
109 39 0.632501 5 6
109 61 0.651431 5 5
109 88 0.64317 5 5
109 91 0.639037 5 5
109 111 0.636504 5 5
109 112 0.65119 5 5
109 115 0.64746 5 5
109 127 0.328096 5 5
109 156 0.315759 5 5
109 158 0.659366 5 5
109 81 0.315139 5 5
109 50 0.314728 5 4
110 22 0.312276 5 2
110 37 0.665723 5 5
110 66 0.310453 5 5
110 87 0.754462 5 5
110 109 0.314309 5 5
110 120 0.311536 5 5
110 126 0.691067 5 5
110 127 0.313607 5 5
110 128 0.694737 5 5
110 149 0.802802 5 5
110 166 0.310231 5 5
110 125 0.307353 5 5
110 159 0.616601 5 5
110 3 0.308877 5 5
110 78 0.306578 5 1
111 9 0.77377 5 5
111 167 0.684212 5 5
111 112 0.671321 5 5
111 115 0.77377 5 5
111 91 0.670731 5 5
111 41 0.646034 5 1
111 61 0.643091 5 5
111 62 0.650963 5 5
111 88 0.669121 5 5
111 5 0.657525 5 5
111 155 0.320022 5 5
111 166 0.65934 5 5
111 127 0.333247 5 5
111 129 0.32656 5 5
111 109 0.636504 5 5
112 3 0.651572 5 5
112 9 0.67285 5 5
112 167 0.673386 5 5
112 164 0.325757 5 5
112 111 0.671321 5 5
112 115 0.67285 5 5
112 127 0.686677 5 5
112 129 0.706384 5 5
112 148 0.651563 5 5
112 158 0.700586 5 5
112 109 0.65119 5 5
112 43 0.325405 5 5
112 94 0.650502 5 5
112 147 0.32409 5 5
112 116 0.645409 5 5
113 27 0.32012 4 4
113 49 0.312175 4 1
113 57 0.3155 4 1
113 59 0.311594 4 4
113 63 0.680326 4 4
113 70 0.622807 4 1
113 78 0.657492 4 1
113 156 0.31082 4 5
113 159 0.620968 4 5
113 96 0.670548 4 4
113 98 0.642491 4 4
113 117 0.314574 4 1
113 132 0.308706 4 1
113 125 0.30861 4 5
113 75 0.308537 4 3
114 6 0.309542 2 1
114 22 0.632918 2 2
114 26 0.308223 2 2
114 40 0.307859 2 3
114 47 0.308189 2 5
114 48 0.617649 2 3
114 79 0.308791 2 1
114 89 0.643411 2 2
114 122 0.316031 2 4
114 141 0.624259 2 2
114 54 0.307243 2 1
114 20 0.306743 2 4
114 161 0.306445 2 1
114 31 0.306276 2 4
114 61 0.305948 2 5
115 9 1 5 5
115 111 0.77377 5 5
115 127 0.695124 5 5
115 155 0.698006 5 5
115 91 0.683869 5 5
115 61 0.665069 5 5
115 62 0.656485 5 5
115 88 0.676091 5 5
115 167 0.68364 5 5
115 166 0.65809 5 5
115 112 0.67285 5 5
115 129 0.659865 5 5
115 147 0.32393 5 5
115 5 0.652434 5 5
115 109 0.64746 5 5
116 9 0.309678 5 5
116 10 0.632141 5 5
116 23 0.622236 5 5
116 26 0.620053 5 2
116 35 0.319261 5 5
116 43 0.318832 5 5
116 166 0.627955 5 5
116 149 0.619546 5 5
116 111 0.313331 5 5
116 112 0.645409 5 5
116 115 0.309678 5 5
116 120 0.636027 5 5
116 126 0.309048 5 5
116 129 0.309285 5 5
116 109 0.3089 5 5
117 0 0.710079 1 1
117 12 0.706556 1 1
117 32 0.701693 1 1
117 64 0.704237 1 1
117 78 0.709335 1 1
117 79 0.708444 1 1
117 100 0.715726 1 1
117 132 0.696621 1 1
117 146 0.71913 1 1
117 157 0.696443 1 1
117 161 0.694114 1 1
117 84 0.692276 1 1
117 106 0.690563 1 1
117 44 0.688644 1 1
117 154 0.687861 1 1
118 41 0.303721 3 1
118 73 0.733206 3 3
118 74 0.619175 3 3
118 83 0.304066 3 4
118 97 0.309863 3 4
118 122 0.308511 3 4
118 160 0.305613 3 3
118 168 0.303623 3 3
118 114 0.302795 3 2
118 109 0.302767 3 5
118 63 0.302479 3 4
118 40 0.302473 3 3
118 150 0.302397 3 1
118 72 0.302309 3 1
118 124 0.30212 3 4
119 18 0.700777 2 2
119 26 0.627419 2 2
119 47 0.646588 2 5
119 65 0.625992 2 3
119 160 0.64562 2 3
119 71 0.312836 2 3
119 20 0.308622 2 4
119 31 0.308219 2 4
119 7 0.615883 2 2
119 59 0.307453 2 4
119 142 0.621371 2 2
119 76 0.622524 2 2
119 124 0.619489 2 4
119 135 0.624738 2 2
119 163 0.307331 2 4
120 10 0.641254 5 5
120 23 0.643422 5 5
120 35 0.655317 5 5
120 36 0.320968 5 5
120 43 0.6715 5 5
120 58 0.643511 5 5
120 80 0.676306 5 5
120 81 0.650997 5 5
120 112 0.319787 5 5
120 126 0.643626 5 5
120 127 0.327773 5 5
120 129 0.325349 5 5
120 164 0.319651 5 5
120 116 0.636027 5 5
120 156 0.317742 5 5
121 8 0.652751 1 4
121 19 0.722768 1 4
121 32 0.678492 1 1
121 157 0.322253 1 1
121 143 0.3212 1 6
121 146 0.329879 1 1
121 83 0.642049 1 4
121 67 0.638586 1 1
121 72 0.318483 1 1
121 105 0.318355 1 1
121 122 0.320679 1 4
121 44 0.318406 1 1
121 52 0.638481 1 1
121 154 0.319847 1 1
121 107 0.317878 1 1
122 0 0.669903 4 1
122 12 0.675176 4 1
122 27 0.684842 4 4
122 32 0.67093 4 1
122 72 0.678674 4 1
122 78 0.673398 4 1
122 96 0.685593 4 4
122 146 0.70534 4 1
122 157 0.662219 4 1
122 105 0.665757 4 1
122 107 0.329635 4 1
122 117 0.331637 4 1
122 123 0.666419 4 4
122 143 0.665366 4 6
122 154 0.653563 4 1
123 31 0.638211 4 4
123 78 0.31989 4 1
123 101 0.324772 4 1
123 122 0.666419 4 4
123 96 0.31608 4 4
123 27 0.315146 4 4
123 150 0.629065 4 1
123 33 0.313067 4 1
123 139 0.624319 4 2
123 0 0.311992 4 1
123 93 0.311362 4 4
123 117 0.311147 4 1
123 163 0.310056 4 4
123 50 0.309624 4 4
123 8 0.309567 4 4
124 8 0.311646 4 4
124 65 0.676983 4 3
124 95 0.641316 4 2
124 162 0.666631 4 6
124 97 0.310381 4 4
124 93 0.308952 4 4
124 96 0.306207 4 4
124 163 0.307412 4 4
124 119 0.619489 4 2
124 121 0.308707 4 1
124 131 0.307363 4 1
124 31 0.308587 4 4
124 108 0.611955 4 2
124 20 0.305563 4 4
124 168 0.305551 4 3
125 47 0.688608 5 5
125 66 0.664391 5 5
125 126 0.68705 5 5
125 128 0.668143 5 5
125 129 0.655406 5 5
125 90 0.655198 5 5
125 80 0.32214 5 5
125 83 0.653645 5 4
125 165 0.643918 5 5
125 37 0.652084 5 5
125 4 0.324532 5 5
125 127 0.319817 5 5
125 156 0.318983 5 5
125 36 0.3195 5 5
125 153 0.318631 5 1
126 37 0.770177 5 5
126 128 0.799104 5 5
126 149 0.701732 5 5
126 110 0.691067 5 5
126 125 0.68705 5 5
126 87 0.685626 5 5
126 47 0.6611 5 5
126 43 0.656925 5 5
126 165 0.646795 5 5
126 127 0.326005 5 5
126 66 0.645612 5 5
126 4 0.651431 5 5
126 11 0.644488 5 5
126 80 0.321929 5 5
126 120 0.643626 5 5
127 9 0.695124 5 5
127 61 0.696382 5 5
127 88 0.695479 5 5
127 164 0.691325 5 5
127 115 0.695124 5 5
127 129 0.751827 5 5
127 155 0.712991 5 5
127 112 0.686677 5 5
127 80 0.681377 5 5
127 4 0.67034 5 5
127 147 0.674103 5 5
127 94 0.671925 5 5
127 156 0.670127 5 5
127 148 0.668045 5 5
127 167 0.66797 5 5
128 37 0.77722 5 5
128 110 0.694737 5 5
128 126 0.799104 5 5
128 149 0.711337 5 5
128 87 0.684811 5 5
128 47 0.647753 5 5
128 125 0.668143 5 5
128 127 0.325305 5 5
128 4 0.322218 5 5
128 80 0.317649 5 5
128 165 0.635048 5 5
128 43 0.317655 5 5
128 129 0.316805 5 5
128 120 0.313917 5 5
128 156 0.313766 5 5
129 80 0.670966 5 5
129 156 0.6747 5 5
129 112 0.706384 5 5
129 127 0.751827 5 5
129 147 0.683971 5 5
129 155 0.668811 5 5
129 164 0.668563 5 5
129 167 0.662803 5 5
129 9 0.659865 5 5
129 35 0.666158 5 5
129 115 0.659865 5 5
129 90 0.662818 5 5
129 43 0.665279 5 5
129 4 0.658059 5 5
129 125 0.655406 5 5
130 100 0.717881 1 1
130 84 0.690611 1 1
130 25 0.672518 1 1
130 44 0.665811 1 1
130 64 0.670791 1 1
130 79 0.683957 1 1
130 106 0.661164 1 1
130 131 0.675567 1 1
130 134 0.66175 1 6
130 161 0.680798 1 1
130 85 0.661037 1 1
130 54 0.65945 1 1
130 102 0.660866 1 1
130 104 0.659157 1 1
130 0 0.329234 1 1
131 84 0.687299 1 1
131 100 0.340047 1 1
131 85 0.677409 1 1
131 33 0.659818 1 1
131 34 0.654226 1 1
131 54 0.671504 1 1
131 57 0.670389 1 1
131 64 0.329481 1 1
131 67 0.665426 1 1
131 144 0.664064 1 1
131 102 0.666705 1 1
131 107 0.664226 1 1
131 130 0.675567 1 1
131 79 0.327029 1 1
131 143 0.653494 1 6
132 49 0.716043 1 1
132 57 0.745233 1 1
132 84 0.699432 1 1
132 42 0.679272 1 1
132 64 0.332483 1 1
132 79 0.331177 1 1
132 100 0.336565 1 1
132 117 0.696621 1 1
132 143 0.667786 1 6
132 161 0.661045 1 1
132 146 0.328331 1 1
132 130 0.327961 1 1
132 12 0.327893 1 1
132 44 0.327029 1 1
132 85 0.325789 1 1
133 18 0.643487 1 2
133 54 0.637154 1 1
133 69 0.669871 1 1
133 72 0.317369 1 1
133 33 0.31439 1 1
133 39 0.625005 1 6
133 42 0.627084 1 1
133 53 0.313597 1 1
133 85 0.31241 1 1
133 131 0.315193 1 1
133 142 0.624266 1 2
133 95 0.623748 1 2
133 24 0.623559 1 5
133 41 0.311823 1 1
133 10 0.310572 1 5
134 130 0.66175 6 1
134 84 0.326758 6 1
134 64 0.324567 6 1
134 69 0.647926 6 1
134 131 0.319607 6 1
134 161 0.31937 6 1
134 85 0.318716 6 1
134 143 0.317703 6 6
134 62 0.31698 6 5
134 44 0.313606 6 1
134 57 0.316062 6 1
134 33 0.315215 6 1
134 102 0.31545 6 1
134 132 0.316335 6 1
134 6 0.312851 6 1
135 2 0.631369 2 2
135 5 0.644577 2 5
135 7 0.642467 2 2
135 33 0.311448 2 1
135 47 0.312529 2 5
135 76 0.628016 2 2
135 89 0.666723 2 2
135 119 0.624738 2 2
135 139 0.646265 2 2
135 145 0.625081 2 2
135 153 0.312369 2 1
135 61 0.308799 2 5
135 160 0.617538 2 3
135 0 0.308654 2 1
135 79 0.308162 2 1
136 36 0.321571 5 5
136 43 0.31055 5 5
136 46 0.643487 5 5
136 66 0.657009 5 5
136 80 0.650819 5 5
136 112 0.315155 5 5
136 120 0.317545 5 5
136 129 0.309499 5 5
136 81 0.308506 5 5
136 23 0.308343 5 5
136 147 0.308101 5 5
136 5 0.307572 5 5
136 55 0.307551 5 2
136 0 0.30809 5 1
136 156 0.307169 5 5
137 4 0.321877 5 5
137 10 0.308369 5 5
137 23 0.307858 5 5
137 35 0.307369 5 5
137 43 0.310921 5 5
137 66 0.313031 5 5
137 81 0.654552 5 5
137 98 0.665395 5 4
137 120 0.317061 5 5
137 125 0.307937 5 5
137 156 0.315433 5 5
137 91 0.306062 5 5
137 159 0.306038 5 5
137 131 0.305996 5 1
137 149 0.305974 5 5
138 17 0.650524 1 1
138 32 0.324143 1 1
138 34 0.657837 1 1
138 44 0.319901 1 1
138 57 0.702196 1 1
138 64 0.727186 1 1
138 86 0.667373 1 1
138 105 0.67545 1 1
138 117 0.335739 1 1
138 146 0.684584 1 1
138 161 0.322227 1 1
138 84 0.318895 1 1
138 132 0.318762 1 1
138 72 0.318139 1 1
138 107 0.316598 1 1
139 3 0.668354 2 5
139 8 0.637207 2 4
139 27 0.686605 2 4
139 96 0.667077 2 4
139 98 0.633999 2 4
139 135 0.646265 2 2
139 163 0.63154 2 4
139 89 0.628706 2 2
139 56 0.311945 2 1
139 122 0.313429 2 4
139 123 0.624319 2 4
139 5 0.310923 2 5
139 16 0.620302 2 1
139 31 0.619617 2 4
139 78 0.308588 2 1
140 16 0.700212 1 1
140 44 0.32657 1 1
140 56 0.712936 1 1
140 64 0.312697 1 1
140 117 0.313414 1 1
140 57 0.312622 1 1
140 32 0.311934 1 1
140 161 0.312347 1 1
140 33 0.309248 1 1
140 86 0.309907 1 1
140 28 0.312015 1 1
140 130 0.310482 1 1
140 143 0.308734 1 6
140 146 0.309695 1 1
140 42 0.308484 1 1
141 76 0.668487 2 2
141 6 0.635783 2 1
141 22 0.311216 2 2
141 40 0.623185 2 3
141 45 0.66698 2 2
141 48 0.62711 2 3
141 55 0.632757 2 2
141 131 0.318382 2 1
141 68 0.654631 2 2
141 0 0.311631 2 1
141 165 0.311063 2 5
141 90 0.31145 2 5
141 114 0.624259 2 2
141 56 0.310957 2 1
141 129 0.309625 2 5
142 45 0.640138 2 2
142 47 0.625394 2 5
142 51 0.623985 2 6
142 68 0.311422 2 2
142 133 0.624266 2 1
142 108 0.64165 2 2
142 161 0.31114 2 1
142 119 0.621371 2 2
142 89 0.62077 2 2
142 56 0.310613 2 1
142 23 0.620613 2 5
142 0 0.309615 2 1
142 95 0.618888 2 2
142 130 0.309442 2 1
142 120 0.30939 2 5
143 21 0.694519 6 6
143 69 0.690559 6 1
143 84 0.68261 6 1
143 12 0.327648 6 1
143 32 0.3271 6 1
143 33 0.655448 6 1
143 57 0.326269 6 1
143 64 0.327635 6 1
143 132 0.667786 6 1
143 146 0.329113 6 1
143 100 0.330233 6 1
143 117 0.335481 6 1
143 122 0.665366 6 4
143 131 0.653494 6 1
143 78 0.32509 6 1
144 25 0.725321 1 1
144 53 0.685875 1 1
144 67 0.700527 1 1
144 100 0.68634 1 1
144 107 0.757258 1 1
144 146 0.685215 1 1
144 84 0.683632 1 1
144 0 0.682875 1 1
144 117 0.340414 1 1
144 85 0.680566 1 1
144 57 0.664859 1 1
144 131 0.664064 1 1
144 32 0.328453 1 1
144 44 0.672843 1 1
144 157 0.32843 1 1
145 68 0.628479 2 2
145 135 0.625081 2 2
145 152 0.653498 2 6
145 77 0.310782 2 1
145 31 0.30921 2 4
145 33 0.306946 2 1
145 45 0.310337 2 2
145 61 0.302875 2 5
145 7 0.303294 2 2
145 162 0.307716 2 6
145 93 0.302975 2 4
145 110 0.303918 2 5
145 76 0.60465 2 2
145 25 0.301401 2 1
145 151 0.301229 2 2
146 12 0.70912 1 1
146 32 0.737199 1 1
146 44 0.751404 1 1
146 72 0.708404 1 1
146 105 0.765771 1 1
146 117 0.71913 1 1
146 100 0.705634 1 1
146 157 0.701652 1 1
146 107 0.703714 1 1
146 122 0.70534 1 4
146 53 0.690181 1 1
146 79 0.684861 1 1
146 64 0.687737 1 1
146 144 0.685215 1 1
146 138 0.684584 1 1
147 129 0.683971 5 5
147 148 0.684853 5 5
147 156 0.697536 5 5
147 164 0.685103 5 5
147 94 0.682102 5 5
147 24 0.663104 5 5
147 35 0.666608 5 5
147 36 0.676748 5 5
147 43 0.664023 5 5
147 80 0.666565 5 5
147 127 0.674103 5 5
147 4 0.665417 5 5
147 155 0.667598 5 5
147 10 0.658432 5 5
147 158 0.654821 5 5
148 94 0.748368 5 5
148 164 0.693929 5 5
148 147 0.684853 5 5
148 155 0.684907 5 5
148 156 0.703871 5 5
148 158 0.724974 5 5
148 3 0.671027 5 5
148 80 0.661808 5 5
148 4 0.664269 5 5
148 112 0.651563 5 5
148 127 0.668045 5 5
148 43 0.660037 5 5
148 35 0.650661 5 5
148 41 0.653666 5 1
148 129 0.325217 5 5
149 87 0.829009 5 5
149 110 0.802802 5 5
149 23 0.621971 5 5
149 37 0.697211 5 5
149 66 0.310987 5 5
149 109 0.312244 5 5
149 166 0.626887 5 5
149 116 0.619546 5 5
149 120 0.315624 5 5
149 125 0.311411 5 5
149 126 0.701732 5 5
149 128 0.711337 5 5
149 129 0.309755 5 5
149 159 0.649591 5 5
149 10 0.309493 5 5
150 27 0.645258 1 4
150 33 0.308597 1 1
150 54 0.311515 1 1
150 59 0.31021 1 4
150 63 0.618462 1 4
150 78 0.665774 1 1
150 96 0.317288 1 4
150 103 0.664804 1 1
150 117 0.314311 1 1
150 122 0.313012 1 4
150 123 0.629065 1 4
150 85 0.308488 1 1
150 8 0.306755 1 4
150 143 0.308002 1 6
150 146 0.306663 1 1
151 0 0.306675 2 1
151 7 0.633991 2 2
151 8 0.626173 2 4
151 39 0.306044 2 6
151 43 0.3096 2 5
151 45 0.310253 2 2
151 47 0.307025 2 5
151 62 0.306695 2 5
151 68 0.310888 2 2
151 77 0.658642 2 1
151 125 0.306622 2 5
151 153 0.316808 2 1
151 160 0.615846 2 3
151 66 0.305895 2 5
151 37 0.305554 2 5
152 14 0.674205 6 6
152 29 0.627236 6 6
152 30 0.309395 6 6
152 33 0.307353 6 1
152 39 0.308931 6 6
152 51 0.643878 6 6
152 56 0.307516 6 1
152 60 0.710432 6 1
152 65 0.305463 6 3
152 75 0.306821 6 3
152 77 0.68551 6 1
152 105 0.317629 6 1
152 145 0.653498 6 2
152 160 0.61527 6 3
152 162 0.305319 6 6
153 0 0.698051 1 1
153 15 0.674901 1 1
153 79 0.330513 1 1
153 101 0.657111 1 1
153 103 0.666839 1 1
153 106 0.66828 1 1
153 84 0.327816 1 1
153 12 0.323618 1 1
153 17 0.64834 1 1
153 157 0.324584 1 1
153 105 0.324316 1 1
153 154 0.323078 1 1
153 100 0.321809 1 1
153 57 0.321454 1 1
153 117 0.319239 1 1
154 0 0.696635 1 1
154 12 0.718312 1 1
154 28 0.663878 1 1
154 32 0.662538 1 1
154 44 0.668767 1 1
154 79 0.712415 1 1
154 106 0.669094 1 1
154 117 0.687861 1 1
154 146 0.337948 1 1
154 157 0.990858 1 1
154 100 0.33028 1 1
154 64 0.328029 1 1
154 122 0.653563 1 4
154 15 0.324864 1 1
154 161 0.324853 1 1
155 9 0.698006 5 5
155 36 0.669823 5 5
155 43 0.675827 5 5
155 167 0.709257 5 5
155 94 0.662245 5 5
155 115 0.698006 5 5
155 127 0.712991 5 5
155 129 0.668811 5 5
155 147 0.667598 5 5
155 148 0.684907 5 5
155 156 0.721884 5 5
155 164 0.688281 5 5
155 92 0.659626 5 5
155 80 0.65924 5 5
155 4 0.656585 5 5
156 147 0.697536 5 5
156 148 0.703871 5 5
156 155 0.721884 5 5
156 164 0.727044 5 5
156 94 0.69151 5 5
156 35 0.672055 5 5
156 36 0.664161 5 5
156 43 0.681884 5 5
156 80 0.675172 5 5
156 81 0.6604 5 5
156 127 0.670127 5 5
156 129 0.6747 5 5
156 4 0.684037 5 5
156 90 0.658478 5 5
156 165 0.655776 5 5
157 0 0.704922 1 1
157 12 0.72827 1 1
157 44 0.683699 1 1
157 79 0.725359 1 1
157 117 0.696443 1 1
157 146 0.701652 1 1
157 154 0.990858 1 1
157 100 0.341285 1 1
157 105 0.670089 1 1
157 106 0.679993 1 1
157 32 0.672756 1 1
157 28 0.66719 1 1
157 64 0.331934 1 1
157 107 0.662875 1 1
157 122 0.662219 1 4
158 3 0.68411 5 5
158 94 0.704494 5 5
158 112 0.700586 5 5
158 148 0.724974 5 5
158 167 0.67115 5 5
158 61 0.65209 5 5
158 109 0.659366 5 5
158 147 0.654821 5 5
158 10 0.650762 5 5
158 127 0.325259 5 5
158 41 0.648009 5 1
158 43 0.323636 5 5
158 129 0.322706 5 5
158 58 0.64248 5 5
158 115 0.32011 5 5
159 23 0.653674 5 5
159 33 0.316323 5 1
159 37 0.627667 5 5
159 78 0.318776 5 1
159 87 0.63303 5 5
159 149 0.649591 5 5
159 125 0.315438 5 5
159 162 0.626791 5 6
159 20 0.622165 5 4
159 109 0.312514 5 5
159 10 0.311848 5 5
159 113 0.620968 5 4
159 0 0.310251 5 1
159 126 0.309239 5 5
159 110 0.616601 5 5
160 40 0.644211 3 3
160 43 0.311844 3 5
160 48 0.65786 3 3
160 65 0.651506 3 3
160 71 0.700048 3 3
160 74 0.635828 3 3
160 119 0.64562 3 2
160 82 0.622549 3 3
160 152 0.61527 3 6
160 135 0.617538 3 2
160 151 0.615846 3 2
160 127 0.306884 3 5
160 39 0.306494 3 6
160 104 0.306417 3 1
160 78 0.306398 3 1
161 32 0.683601 1 1
161 44 0.761379 1 1
161 100 0.700124 1 1
161 117 0.694114 1 1
161 84 0.340486 1 1
161 57 0.670443 1 1
161 62 0.661658 1 5
161 64 0.678512 1 1
161 79 0.333145 1 1
161 107 0.329708 1 1
161 130 0.680798 1 1
161 132 0.661045 1 1
161 146 0.337163 1 1
161 157 0.329122 1 1
161 78 0.656917 1 1
162 29 0.634877 6 6
162 30 0.630923 6 6
162 51 0.697578 6 6
162 159 0.626791 6 5
162 93 0.632636 6 4
162 97 0.632185 6 4
162 121 0.317325 6 1
162 124 0.666631 6 4
162 143 0.31789 6 6
162 78 0.31268 6 1
162 31 0.624628 6 4
162 53 0.311097 6 1
162 122 0.311383 6 4
162 33 0.311093 6 1
162 39 0.310803 6 6
163 8 0.674356 4 4
163 24 0.633865 4 5
163 27 0.317776 4 4
163 39 0.639289 4 6
163 50 0.634472 4 4
163 56 0.31334 4 1
163 59 0.66299 4 4
163 69 0.630497 4 1
163 168 0.314479 4 3
163 96 0.655054 4 4
163 122 0.317013 4 4
163 139 0.63154 4 2
163 143 0.313192 4 6
163 78 0.313011 4 1
163 0 0.312183 4 1
164 4 0.716229 5 5
164 35 0.658597 5 5
164 36 0.65721 5 5
164 43 0.653451 5 5
164 80 0.661197 5 5
164 81 0.669758 5 5
164 91 0.666193 5 5
164 94 0.667999 5 5
164 127 0.691325 5 5
164 129 0.668563 5 5
164 147 0.685103 5 5
164 148 0.693929 5 5
164 155 0.688281 5 5
164 156 0.727044 5 5
164 90 0.653159 5 5
165 4 0.325459 5 5
165 11 0.652415 5 5
165 80 0.324725 5 5
165 90 0.72846 5 5
165 125 0.643918 5 5
165 126 0.646795 5 5
165 127 0.324174 5 5
165 129 0.319101 5 5
165 147 0.32561 5 5
165 156 0.655776 5 5
165 164 0.31909 5 5
165 22 0.635969 5 2
165 128 0.635048 5 5
165 43 0.317209 5 5
165 0 0.316251 5 1
166 9 0.65809 5 5
166 61 0.664349 5 5
166 62 0.320563 5 5
166 88 0.677028 5 5
166 111 0.65934 5 5
166 115 0.65809 5 5
166 91 0.640429 5 5
166 37 0.631729 5 5
166 41 0.635466 5 1
166 3 0.630248 5 5
166 116 0.627955 5 5
166 149 0.626887 5 5
166 5 0.626626 5 5
166 66 0.31207 5 5
166 127 0.311077 5 5
167 9 0.68364 5 5
167 111 0.684212 5 5
167 112 0.673386 5 5
167 115 0.68364 5 5
167 155 0.709257 5 5
167 158 0.67115 5 5
167 61 0.636366 5 5
167 80 0.323425 5 5
167 88 0.638635 5 5
167 92 0.643148 5 5
167 156 0.317907 5 5
167 3 0.635902 5 5
167 127 0.66797 5 5
167 129 0.662803 5 5
167 24 0.630777 5 5
168 0 0.32241 3 1
168 15 0.323227 3 1
168 79 0.327901 3 1
168 100 0.326959 3 1
168 106 0.325398 3 1
168 117 0.319564 3 1
168 122 0.317403 3 4
168 131 0.317329 3 1
168 143 0.318238 3 6
168 84 0.317079 3 1
168 132 0.31688 3 1
168 101 0.316766 3 1
168 121 0.316124 3 1
168 50 0.632235 3 4
168 73 0.629187 3 3
